572
1.0 0.0
0.9781476007338057 0.20791169081775931
0.9135454576426009 0.40673664307580015
0.8090169943749475 0.5877852522924731
0.6691306063588582 0.7431448254773941
0.5000000000000001 0.8660254037844386
0.30901699437494745 0.9510565162951535
0.10452846326765368 0.9945218953682733
-0.10452846326765333 0.9945218953682734
-0.30901699437494734 0.9510565162951536
-0.4999999999999998 0.8660254037844387
-0.6691306063588579 0.7431448254773945
-0.8090169943749473 0.5877852522924732
-0.9135454576426008 0.40673664307580043
-0.9781476007338056 0.20791169081775973
-1.0 1.2246467991473532e-16
-0.9781476007338057 -0.20791169081775907
-0.9135454576426011 -0.4067366430757998
-0.8090169943749476 -0.587785252292473
-0.6691306063588585 -0.743144825477394
-0.5000000000000004 -0.8660254037844384
-0.30901699437494756 -0.9510565162951535
-0.10452846326765423 -0.9945218953682733
0.10452846326765299 -0.9945218953682734
0.30901699437494723 -0.9510565162951536
0.49999999999999933 -0.866025403784439
0.6691306063588578 -0.7431448254773946
0.8090169943749473 -0.5877852522924734
0.9135454576426005 -0.40673664307580093
0.9781476007338056 -0.20791169081775987
0.9989999999999999 0.0
0.9924442802201416 0.062373507245327794
0.9730636372927802 0.12202099292274005
0.9417050983124842 0.17633557568774194
0.8997391819076574 0.22294344764321825
0.849 0.25980762113533157
0.7917050983124841 0.285316954888546
0.730358538980296 0.298356568610482
0.667641461019704 0.298356568610482
0.6062949016875158 0.2853169548885461
0.549 0.2598076211353316
0.4982608180923426 0.22294344764321833
0.45629490168751574 0.17633557568774197
0.42493636270721974 0.12202099292274013
0.40555571977985827 0.06237350724532792
0.39899999999999997 3.6739403974420595e-17
0.40555571977985827 -0.06237350724532772
0.42493636270721963 -0.12202099292273993
0.4562949016875157 -0.1763355756877419
0.49826081809234246 -0.2229434476432182
0.5489999999999998 -0.2598076211353315
0.6062949016875157 -0.285316954888546
0.6676414610197037 -0.298356568610482
0.7303585389802958 -0.298356568610482
0.7917050983124841 -0.2853169548885461
0.8489999999999998 -0.2598076211353317
0.8997391819076572 -0.22294344764321836
0.9417050983124842 -0.176335575687742
0.9730636372927801 -0.12202099292274027
0.9924442802201416 -0.06237350724532796
0.9890738003669028 0.10395584540887966
0.9890738003669028 -0.10395584540887993
0.9827539587564609 0.09219725008403394
0.9836107005503543 0.1559337681133195
0.9945369001834514 0.05197792270443983
0.9945369001834514 -0.05197792270443997
0.9836107005503543 -0.1559337681133199
0.9827539587564609 -0.09219725008403412
0.9918053502751771 -0.07796688405665995
0.9918053502751771 0.07796688405665975
0.9957221401100708 0.031186753622663897
0.9957221401100708 -0.03118675362266398
0.9931711252293143 0.06497240338054978
0.9931711252293143 -0.06497240338054996
0.9940832101651063 0.046780130433995835
0.9940832101651063 -0.04678013043399596
0.9875991194883013 -0.07728537866468105
0.9875991194883013 0.07728537866468087
0.9972684500917257 0.025988961352219914
0.9972684500917257 -0.025988961352219984
0.9938540127063828 0.05847516304249481
0.9938540127063828 -0.05847516304249496
0.993263745192624 0.05457681883966181
0.993263745192624 -0.054576818839661964
0.9900216998542215 -0.0698294429550045
0.9959026751375886 0.03898344202832987
0.9959026751375886 -0.03898344202832998
0.9936734776788652 0.05067847463682882
0.9928540127063827 0.05847516304249481
0.9928540127063827 -0.05847516304249497
0.9936734776788652 -0.05067847463682896
0.9912329900371816 -0.06610147510016623
0.99521978766052 0.04548068236638485
0.9965855626146571 0.03248620169027489
0.9965855626146571 -0.03248620169027498
0.99521978766052 -0.04548068236638497
0.9900216998542215 0.06982944295500432
0.9973610700550353 0.015593376811331954
0.9973610700550353 -0.015593376811331995
0.9935125689678486 0.0617237832115223
0.9935125689678486 -0.061723783211522464
0.9941954564449171 0.055226542873467316
0.9941954564449171 -0.05522654287346747
0.9924882377522457 -0.07146964371860495
0.9949026751375885 0.03898344202832987
0.9949026751375885 -0.03898344202832998
0.9965416050825531 -0.02339006521699798
0.9948783439219857 0.04872930253541234
0.9965416050825531 0.023390065216997918
0.9912329900371816 0.06610147510016606
0.9948783439219857 -0.048729302535412466
0.9924882377522457 0.07146964371860476
0.9986342250458629 0.012994480676109957
0.9986342250458629 -0.012994480676109992
0.9953124076238296 -0.035085097825496986
0.9944929426513474 0.04288178623116286
0.9953124076238296 0.035085097825496896
0.9944929426513474 -0.04288178623116297
0.996131872596312 -0.027288409419830975
0.996131872596312 0.0272884094198309
0.9979513375687943 -0.01949172101416499
0.9979513375687943 0.019491721014164937
0.9981805350275176 0.007796688405665977
0.9981805350275176 -0.007796688405665998
0.9962441188761229 -0.035734821859302476
0.9977708025412764 0.011695032608498971
0.9982927813073286 0.016243100845137446
0.99760989383026 0.022740341183192424
0.9955612313990543 0.04223206219735736
0.9962441188761229 0.03573482185930238
0.9955612313990543 -0.04223206219735748
0.9969270063531914 -0.02923758152124748
0.9969270063531914 0.029237581521247405
0.9977708025412764 -0.011695032608499002
0.99760989383026 -0.022740341183192486
0.9969513375687942 -0.01949172101416499
0.9982927813073286 -0.01624310084513749
0.9969513375687942 0.019491721014164937
0.9993171125229314 0.006497240338054979
0.9993171125229314 -0.006497240338054996
0.9989756687843971 -0.009745860507082494
0.9989756687843971 0.009745860507082468
0.9985902675137588 0.003898344202832983
0.9985902675137588 -0.0038983442028329932
0.9996585562614657 0.0032486201690274893
0.9996585562614657 -0.003248620169027498
0.995107541380709 0.03703426992691339
0.9960733970068557 0.037359131943816126
0.9984635031765957 -0.01461879076062374
0.9930588789495034 0.056525990941078304
0.99402473457565 0.05685085295798106
0.9930588789495034 -0.056525990941078456
0.99402473457565 -0.056850852957981216
0.9926491464632622 0.0604243351439113
0.9936832908371157 0.06009947312700856
0.9946978088944679 0.040932614129746366
0.9957319532683214 0.04060775211284362
0.9971562038119147 0.017542548912748444
0.995107541380709 -0.037034269926913485
0.9960733970068557 -0.03735913194381622
0.9957319532683214 -0.04060775211284373
0.9946978088944679 -0.04093261412974647
0.9977806156995271 -0.02111603109867874
0.9967464713256736 -0.021440893115581484
0.9926491464632622 -0.06042433514391146
0.9936832908371157 -0.06009947312700871
0.99641484074539 -0.03411051177478873
0.9943661783141843 -0.05360223278895372
0.9943661783141843 0.05360223278895357
0.9984635031765957 0.014618790760623702
0.99641484074539 0.03411051177478863
0.9971562038119147 -0.017542548912748493
0.9981220594380614 -0.017867410929651238
0.9967464713256736 0.02144089311558143
0.9977806156995271 0.02111603109867868
0.9987951337568793 0.0019491721014164914
0.9998292781307329 0.0016243100845137446
0.9998292781307329 -0.001624310084513749
0.9987951337568793 -0.0019491721014164966
0.9994878343921986 0.004872930253541234
0.9974391719609929 0.02436465126770617
0.9953905095297871 0.0438563722818711
0.9933418470985814 -0.06334809329603622
0.9933418470985814 0.06334809329603604
0.9953905095297871 -0.043856372281871225
0.9974391719609929 -0.024364651267706233
0.9994878343921986 -0.004872930253541247
0.9983854012706381 0.005847516304249486
0.9963367388394325 0.025339237318414407
0.9942880764082268 0.04483095833257934
0.9918386351286617 -0.06423749117274709
0.9918386351286617 0.06423749117274692
0.9942880764082268 -0.04483095833257947
0.9963367388394325 -0.025339237318414476
0.9983854012706381 -0.005847516304249502
0.9955172738669502 -0.03313592572408048
0.9975659362981558 -0.013644204709915498
0.9934686114357445 0.05262764673824532
0.9934686114357445 -0.05262764673824547
0.9955172738669502 0.03313592572408039
0.9975659362981558 0.013644204709915463
0.99282968149078 0.06822102354957726
0.99282968149078 -0.06822102354957746
0.9888104096712613 0.07355741080984261
0.9888104096712613 -0.07355741080984278
0.99043957532104 -0.09096136473276994
0.985176539122381 -0.0847413143743576
0.99043957532104 0.0909613647327697
0.985176539122381 0.08474131437435742
0.9779087980246206 0.10710912150338699
0.9863422504586286 0.12994480676109957
0.9779087980246205 -0.1071091215033872
0.9863422504586286 -0.12994480676109993
0.9573843678026321 0.14917828430524102
0.9573843678026321 -0.14917828430524113
0.3774164608155285 -0.28955511926131106
0.3774164608155284 0.2895551192613113
0.6090296805161073 -0.423277074003316
0.7866271948561403 -0.4122535393293341
0.945846529188203 -0.3073241669467804
0.8529264858028405 -0.3457245475910254
0.6090296805161076 0.4232770740033165
0.7866271948561405 0.41225353932933406
0.9458465291882032 0.3073241669467797
0.8529264858028405 0.3457245475910251
0.47018688385304175 -0.31493423623134364
0.36187352306051945 -0.19464006221195906
0.47018688385304186 0.3149342362313441
0.2686372228609336 0.045232950578014366
0.3618735230605195 0.19464006221195923
0.6989999999999997 -0.38469638575477133
0.6990000000000001 0.3846963857547713
0.5471489394876221 -0.3410630660671546
0.3439325550938563 -0.11536840634109823
0.5471489394876223 0.34106306606715464
0.34393255509385656 0.1153684063410985
0.33153131168768696 -0.03862251546914683
0.4601349075098643 -0.47095184843296145
0.18305665626505735 -0.1934443107428278
0.46013490750986563 0.4709518484329606
0.20565987402298103 0.18832869153084797
0.4861597896873085 -0.39429596898447805
0.272604611619922 -0.17317758386734738
0.4861597896873092 0.39429596898447766
0.28461616548393787 0.1704590976601813
0.37614763113711436 -0.3996922375004243
0.3761476311371154 0.39969223750042426
0.2677500564175333 0.2793045344397235
0.70148723967164 -0.5146925554048087
0.7072464233202695 0.5115726991277146
0.20888937447726574 -0.06509365920928006
0.25331948182087416 -0.2959326955471261
0.265461386147993 -0.6152720507903326
0.26546138614799586 0.6152720507903329
0.3170212549304437 0.34393520689644214
0.25197351842197446 0.47214189716152255
0.21329639265859163 0.37191357689372967
0.31799936722130234 -0.3439464751947527
0.18279094450573907 -0.45851483496676904
0.2825253965176034 -0.43914931926478884
0.21881819664763907 -0.3775547493941822
0.24737626729045903 -0.5246318306302122
0.14194533856048952 -0.29695813040096936
0.1036398348659406 -0.6004353863784301
0.36642408981485264 -0.5480029841154603
0.18675117243047407 -0.5838524785301487
0.17314689143809553 -0.7322325856179339
0.20195664798586613 -0.6600603078973257
0.309202046051018 -0.7447068491168854
0.3517344711825119 -0.472565783657573
0.3562640495165838 0.5082511411345193
0.017887105683926735 0.5048968260647225
-0.05928631921202343 -0.15711666464769394
0.5210311051649862 -0.6405266352619834
0.36417122616237013 -0.6540226240286727
0.3196157451363606 0.44543827630925975
0.4727034178244437 0.6692316977962198
0.28649789315388907 0.5410890845772894
0.3574406046884251 0.6012809403056937
0.1804284261117179 0.5510845390986658
0.3359660496139632 0.7694413673340824
0.3227104053437245 0.6822971908539472
0.40112029530785465 0.7149503904825606
0.17664525778210408 0.7490956583039636
0.4852534299586314 0.7677808893092763
0.24014710881970625 0.69485602992623
0.14647224906573791 0.6494774777900403
0.5845653031794291 0.8045851146309164
0.4045084971874738 0.908540960039796
-0.05188181920873955 0.7639348503710435
0.08619214530004381 0.573618598615985
0.5694551423830163 0.5635605558578183
0.060650261560784846 0.7298503947384182
-0.03800608312572053 0.6287573784004188
0.5732238556774263 0.7000577295627609
0.32603102003306494 0.8607741520116007
0.013572722176085659 0.5774913500559979
-0.07939023666976698 0.5355409783428787
0.20677272882130054 0.9727892058317135
0.25029589079498304 0.8063290592476752
-0.2584223638973911 0.6708183086929423
-0.09640931367050232 0.31179377790378615
-0.15312195180189753 0.6240693630168453
-0.06179263826558369 0.4216815683685049
0.05764640787089968 -0.20355740569119649
0.46026807570115863 -0.5666256716195396
0.4422643228517851 -0.6433596054385158
0.4167646565472812 -0.7479048561390798
0.573599533836381 -0.5353728499030082
0.04137462229354795 0.8690188742138611
-0.009834042447713312 0.6999500864099806
0.5388916835843596 0.6327050331534846
0.46134256943595986 0.5704135668550742
0.7390738003669028 0.6654650388849337
-0.09818939986923474 0.6908805602291073
-0.19354054852589872 0.8025254979737367
-0.12865864139700856 0.7613982193164479
-0.09400215727363934 0.875621665994947
-0.2758476722487072 0.446887792701398
0.062257292865094654 0.32220721813924535
0.12284747690750564 -0.22945251682412376
0.4045084971874733 -0.9085409600397963
0.539669137651411 -0.4630013623712692
0.6362552103317184 -0.6324125290740314
0.6322440730789894 -0.4922615509443009
0.10740338214591055 0.807245105824924
0.018953571782248574 0.7949942955534336
0.6450466348651256 0.5553136569710909
0.7301244377659124 0.587078535930908
-0.18238380417371336 0.7001253080184452
-0.05226423163382663 0.9392328133254283
1.665334536937735e-16 0.9945218953682733
0.05226423163382692 0.9421803585616411
-0.20677272882130032 0.9727892058317136
-0.24142748704108283 0.8844499548983192
-0.1444730880621915 0.931069509997598
-0.40450849718747356 0.9085409600397962
-0.32053571129819414 0.7832513782626482
-0.3244324797340735 0.8678167767584473
-0.41743981850114464 0.8090886916616383
-0.4043398547548689 0.6635802934408558
-0.5845653031794289 0.8045851146309165
-0.3843033879738089 0.7387280417743218
-0.4971430684117111 0.728569207363713
-0.17328059185406608 0.3964059845936692
-0.18991334276400157 0.5184590240637635
0.032030970664568614 0.41159903297117784
-0.018885831016160134 0.34457621638954106
-0.010491246267997481 0.2166703327286345
0.12282504476140518 0.39249333943514336
0.11484897858732272 0.4851473296283533
0.18013462647266046 0.44409710492150817
0.2312099349959863 -0.8471515790197138
0.42649772217736875 -0.8294330764129207
0.3294689990908699 -0.8450725443728265
0.5845653031794286 -0.8045851146309169
0.49916936709150606 -0.723609977960672
0.5859641690374481 -0.7175932665326332
0.5128106657963004 -0.7947405508012402
0.7390738003669026 -0.6654650388849339
0.7053928072458486 -0.5937902032771822
-0.584174827335142 0.5055338657597198
-0.33272577457947666 0.20188804282488224
-0.23047438588302022 0.5918029063328977
-0.13009795259838097 0.46445052114753776
-0.5135015263852112 0.60645430052304
-0.22268539721761932 0.2742957075289407
-0.47370937923778994 0.6632769016511353
-0.5879904524096327 0.6785859427912742
-0.7390738003669026 0.6654650388849339
-0.5999044505783879 0.5917551471849765
-0.4305869302061345 0.47318423435223184
-0.16857734869119625 0.32345356563195793
-0.25557009688465915 0.35865011006580944
-0.36690118439080255 0.379514323375985
-0.7032946514694034 0.5283478998594733
-0.6611320133987608 0.6443888959419863
-0.736578250273893 0.5928895748142339
-0.42456162479902804 0.5693607917091823
-0.3437036770881386 0.5160181558769272
-0.5004787552022749 0.5221285932769261
-0.5228822930221849 0.41576224187504607
-0.32503120719451606 0.2954693081152693
-0.47365126970553817 0.2738810100785206
-0.39490099858939853 0.2541072688200783
-0.47664308599821115 0.09526486859439925
-0.4167917279380147 0.1649185852587803
-0.29554848911463066 0.0032847339674939025
-0.3373104442454275 0.09824849062823579
-0.40515640530380664 0.011747405813261017
-0.1704670495574015 0.11495611078658442
-0.2578997867027836 0.14665680819241586
-0.23810482259180604 0.06482955552193545
-0.1659800362307285 -0.06006937055314927
-0.15819498705986487 0.027700465616932166
-0.03854663973583464 -0.027142337367913917
-0.05901481190510577 0.08614047673666206
-0.19029829578433236 0.19668329484763916
-0.09699088886699965 0.1760548671252571
-0.13088787996961596 0.24407080051409982
-0.7913647553739803 0.39654511813679255
-0.4456271505568111 0.39447367730573335
-0.6697080798286059 0.3813252468271143
-0.6198431371973097 -0.09966026258691155
-0.08824578083026105 0.02236844226312673
0.1009179428186533 0.0565469334529038
-0.8612812260087741 0.4972609476841368
-0.7821101846284154 0.5119010620367214
-0.6029475313836035 0.4269067237933089
-0.5773377387040008 0.3177166520434856
-0.5254989741251964 -0.01890647964943291
-0.36848445399196017 -0.2273283759306398
0.015352918700282894 0.04108686866579593
0.07856528266593793 -0.06425382633951268
0.0426013968472228 0.13479131349940937
0.1312153289105191 0.13998219329406109
0.18625408945159364 0.07277778015762304
0.15643841273449752 -0.0029110742511701745
0.11939635238454106 0.23966977360126548
0.15285776971257764 0.31536929110147904
0.05010104956561312 0.2527448392356043
-0.8581162292458304 0.33377272978089
-0.7233447881291764 0.44641988228854795
-0.505886931478521 0.3421775286340907
-0.5718329251180414 0.18619242339616845
-0.4948728764408543 0.17147028336252745
-0.47289316869227066 0.026121401830999723
-0.35892473239535116 -0.10351155038787986
0.0026864018871242817 -0.10036364417957272
0.1985409039374985 0.25986323646462894
-0.9458465291882031 0.3073241669467801
-0.7432710588229924 0.28714364405351395
-0.5434802096222582 0.2532564111581215
-0.6712960138977836 0.05593957949024064
-0.35359428228663853 -0.03447194452645232
-0.4478304370094048 -0.0722711336297318
-0.24149850197404232 -0.17485532224190609
-0.734629974873914 0.3562142376849387
-0.6593854391244974 0.2974425451275017
-0.6881246802895 0.18474865530008666
-0.6137184191646227 -0.011327981102072893
-0.5748942026357099 0.08017908430332753
-0.7246613907725089 -0.048013976169435105
-0.6376242693811477 0.12584258524074443
-0.26759836963900246 -0.08550459902376148
-0.31828264634751047 -0.1689269272921366
-0.6305325442503994 0.23007297691658082
-0.7976305139588213 0.1918200779082422
-0.7625708243306278 -0.25714233680152987
-0.8884854770977058 0.19317519669720895
-0.9890738003669027 0.10395584540887993
-0.8452382908076099 0.046318092860029386
-0.8440428623058899 0.12646650002790719
-0.7601480159627494 0.0851320740803995
-0.9291886330810537 0.045109543064705306
-0.9890738003669028 -0.10395584540887948
-0.7769754012693351 0.009345126374219644
-0.7137199733298761 -0.1579975338979783
-0.7966649455349208 -0.11071307306690031
-0.8620172076603652 -0.2031132995658826
-0.56476186082279 -0.2929998634260172
-0.788290687203397 -0.18594705246252985
-0.8858030656125524 -0.0522575318754304
-0.9223967872981925 -0.14949992657333136
-0.9458465291882034 -0.30732416694677944
-0.8415690199904311 -0.3283962155761226
-0.6199415367741477 -0.20420425676295698
-0.6673123451622123 -0.2951843667073707
-0.4954466959731335 -0.18838301486336892
-0.6115916187982957 -0.5027832903697385
-0.5633249496866006 -0.15198550239841097
-0.6139485435394528 -0.392138561281726
-0.5190105962694747 -0.09266599772326511
-0.7361117861548155 -0.4853438742956964
-0.8842489471032763 -0.2710520717698188
-0.41767041459157417 -0.1612533385827134
-0.401761094198158 -0.44296606822070184
-0.8612812260087743 -0.4972609476841364
-0.5004583321587865 -0.3866745136627208
-0.6674881073759478 -0.44862651474097237
-0.7484763380232493 -0.37974837468485173
-0.8270979046151405 -0.4171756614701688
-0.5544681713985036 -0.44621899397116377
-0.4751569310615823 -0.5834404551179039
-0.5328009217866835 -0.5252266403663357
-0.6056031086910689 -0.6312846086823121
-0.45415831456170036 -0.5050006033135026
-0.29659345219559174 -0.5892118822710023
-0.36480473505471167 -0.5273269263950622
-0.19810522018393342 -0.4121208278548254
-0.2969377183672459 -0.44732084981777887
-0.21605498319158922 -0.5180705402087972
-0.28585638976610284 -0.32208636168388566
-0.34663543685228915 -0.37981585733452794
-0.45788463282673775 -0.2885414432972788
-0.679277330183078 -0.3649327948322022
-0.10389773580767855 -0.7262018508188314
-0.03927371169704548 -0.49352506684542785
-0.4245246741572335 -0.36131575383920417
-0.18426141249496258 -0.6352228603147284
-0.13153873185033574 -0.4778937337454841
-0.10065906750467553 -0.5757403726870185
-0.06064883904970045 -0.3395772437246326
-0.11021634837023603 -0.6508002482419921
0.009226348551961985 -0.6787565657553921
-0.11792637527620257 -0.39754586158282845
-0.16998985174815823 -0.2888214120642706
-0.004626220652402417 -0.5834183987632686
-0.30507788748884607 -0.7700561698280639
0.01431938811306957 -0.8494837980737553
0.09680724336285254 -0.6882656264084552
0.04437027763019664 -0.7631477541835769
-0.039180245648390816 -0.7824643292593018
-0.1635943026461482 -0.8602222884588308
-0.07401676435117192 -0.8651365899698954
0.12266228232178758 -0.8387966756127077
-0.11544178673401947 -0.8013653025164471
-0.20424156113005482 -0.7492586759464417
-0.2708746373370938 -0.6810396686885278
-0.24104527086128846 -0.8256668891676368
-0.20677272882130088 -0.9727892058317135
-0.38839995042409264 -0.6644402472167743
-0.14467982989343922 -0.9320421538417714
-0.24564493609573335 -0.9042914927060177
-0.2171669791565837 -0.34291905378211013
-0.08466522247797376 -0.2481625251485347
0.0016854170952272651 -0.27433871089483697
-0.14891190970295093 -0.18119375633949406
0.05531294289727243 -0.3879777587956865
0.13751857418377855 -0.389872512793375
-0.24244636744211293 -0.2548673586089866
0.0752032400005283 -0.9121886159978743
-6.245004513516506e-16 -0.9945218953682733
0.2067727288213001 -0.9727892058317136
-0.05226423163382744 -0.9385565754280155
0.1551131729520251 -0.9118218193741563
0.24805355504052734 -0.9156231539159583
0.11398081545420777 -0.7694432848152193
-0.4015717835133836 -0.5915867079236601
-0.5053842566025094 -0.7027778169913191
-0.4574392836003825 -0.6514250790814092
-0.5310583530728548 -0.632777879712908
-0.5845653031794295 -0.8045851146309162
-0.5053629875188141 -0.7844897010706203
-0.404508497187474 -0.908540960039796
-0.3263149596150174 -0.8601253214659091
-0.5879178675631906 -0.7202823018615149
-0.40399547032932825 -0.7942710399987786
-0.36659345310854163 -0.7329117628735708
0.8612812260087739 -0.49726094768413714
0.7820251483166077 -0.5118519662992086
0.8612812260087741 0.49726094768413664
0.7829921809211009 0.49073035086759675
0.545453175076319 0.48106569408010824
0.12642385618052482 0.8937510167638487
0.24333609537816714 0.8934292511481667
0.1790422820520543 0.8368375309739007
0.6487625715639229 0.6473489834808527
-0.25032626874121544 0.7486646855073611
0.2381442155540979 -0.7715202911651199
-0.32847027424233016 0.6085172263634029
-0.09148040912712421 -0.08533768083277737
0.11571913965937056 -0.14105558695349601
-0.8420998904653586 0.25673451519280177
-0.6845672611693927 -0.5705743528817809
-0.7390738003669031 -0.6654650388849335
-0.6666509936573606 -0.6705837114984669
0.06743963495878788 -0.3127818026960861
-0.02314046556708349 -0.4128271778120851
0.07005939698787583 -0.4963486182979891
0.1415668766538281 -0.522548756669136
0.41116822121454466 0.8188221086229265
901
226 242 251
179 138 187
201 96 109
252 261 265
460 494 468
147 104 146
242 226 233
195 114 166
189 115 181
488 476 486
559 354 268
148 113 196
269 237 245
96 201 111
95 192 75
308 324 322
188 108 180
215 49 48
161 130 160
215 48 226
210 63 213
245 237 241
46 236 233
87 74 107
150 88 149
259 269 245
90 110 75
445 444 427
228 45 44
301 344 372
151 152 102
153 154 99
73 190 91
346 319 349
132 70 119
391 366 362
415 418 414
155 156 128
386 388 362
110 90 65
256 419 429
60 209 62
41 40 227
78 188 180
202 73 91
216 42 41
75 110 95
244 247 240
97 126 157
216 246 254
280 295 299
203 69 77
40 234 227
43 42 229
229 235 43
158 159 124
225 49 215
105 160 86
248 218 230
217 52 51
135 162 120
53 230 218
89 164 165
225 50 49
146 116 129
54 53 218
204 68 103
196 98 148
28 220 218
360 550 248
64 197 87
220 219 55
219 29 56
181 92 189
55 54 220
56 29 57
141 112 125
57 29 66
205 206 67
100 164 59
61 211 212
206 68 76
94 131 71
101 149 82
166 94 195
84 103 202
57 66 214
198 83 167
208 69 207
221 39 38
222 231 37
249 221 231
37 231 38
222 37 36
65 198 167
154 88 80
224 222 36
234 243 227
210 213 32
203 96 111
1 33 63
131 79 118
70 93 199
31 183 191
34 223 35
212 211 58
82 168 101
224 223 2
34 33 1
35 224 36
152 89 81
207 60 62
107 64 87
59 182 100
68 204 76
183 72 191
74 92 107
139 194 123
79 193 118
70 132 93
163 134 162
121 137 157
125 122 141
178 145 177
159 105 86
112 200 125
97 169 126
174 137 121
156 104 85
116 170 129
117 184 130
71 131 118
119 78 132
140 133 113
106 185 134
171 172 136
172 135 120
173 174 127
175 176 144
123 140 139
133 140 123
122 138 141
187 142 179
30 177 0
176 30 0
143 186 145
146 129 147
104 147 85
98 136 148
149 101 150
88 150 80
89 152 151
102 83 151
88 154 153
99 31 153
104 156 155
128 115 155
121 157 126
105 159 158
124 114 158
160 105 161
130 161 117
162 135 163
134 163 106
164 100 165
89 165 81
114 124 166
83 102 167
197 168 82
200 169 97
199 170 116
135 172 171
136 98 171
137 174 173
127 108 173
30 176 175
144 142 175
177 30 178
145 178 143
142 144 179
108 127 180
115 128 181
190 182 59
31 99 183
192 184 117
193 185 106
194 186 143
138 122 187
78 119 188
92 74 189
182 190 73
72 109 191
184 192 95
185 193 79
186 194 139
94 71 195
113 133 196
168 197 64
65 90 198
170 199 93
169 200 112
109 72 201
84 202 91
68 206 205
69 203 111
103 84 204
67 61 205
207 62 208
69 208 77
210 209 60
61 67 211
209 210 32
47 226 48
214 212 58
63 33 213
212 214 66
233 47 46
254 275 256
42 216 229
232 50 225
232 241 322
53 52 230
549 28 218
218 220 54
55 219 56
219 220 28
294 284 276
227 216 41
552 3 328
249 231 222
223 224 35
34 1 223
222 224 2
308 273 323
50 232 51
226 47 233
387 389 434
234 40 39
294 311 557
244 228 235
396 412 414
247 244 229
43 235 44
52 217 230
217 324 230
222 552 249
221 38 231
241 232 225
217 51 232
236 46 45
250 236 228
39 221 234
221 553 243
244 235 229
228 44 235
45 228 236
242 233 250
241 225 245
226 251 215
238 242 250
505 489 500
281 253 278
243 246 227
227 246 216
346 271 303
245 225 215
241 237 322
250 233 236
242 238 251
221 243 234
243 239 246
247 229 216
244 240 416
245 215 257
252 267 268
277 278 253
292 310 296
277 275 270
271 290 296
305 308 322
324 360 248
557 4 294
326 310 292
416 240 415
303 271 297
245 257 259
267 252 265
251 260 257
251 262 260
286 283 292
216 254 247
246 239 270
246 275 254
279 253 286
254 256 247
277 279 255
279 350 351
215 251 257
260 259 257
529 262 567
510 511 537
258 261 259
264 269 261
262 251 238
258 259 260
570 265 261
261 252 264
320 262 238
488 490 476
304 272 526
501 503 507
274 252 268
356 358 357
570 261 258
263 510 267
507 497 501
353 25 358
263 267 265
267 266 559
354 24 321
307 356 306
261 269 259
237 269 264
312 239 553
277 270 278
329 314 316
297 271 296
417 413 250
386 362 384
237 264 305
264 252 274
274 307 306
264 306 305
275 255 256
246 270 275
294 4 287
284 571 282
279 277 253
275 277 255
312 270 239
278 282 281
253 281 285
346 349 350
5 288 571
283 285 299
282 278 276
280 299 285
284 282 276
280 281 282
332 331 330
285 286 253
287 284 294
555 554 556
280 285 281
285 283 286
292 283 325
271 346 350
311 312 291
5 284 287
288 6 295
571 280 282
315 335 334
9 336 338
279 286 290
290 286 292
553 291 312
327 221 249
302 329 300
302 297 293
276 311 294
557 311 291
556 554 325
571 295 280
292 296 290
297 296 293
465 448 474
301 303 344
554 7 332
335 330 8
555 295 6
295 555 299
300 558 337
379 560 378
345 302 363
401 384 374
314 302 293
344 303 364
345 297 302
348 347 301
562 250 413
530 524 506
306 264 274
305 273 308
274 268 307
273 305 306
352 536 354
26 323 357
357 273 356
324 308 323
332 330 309
310 326 289
314 310 289
296 310 293
311 276 312
291 327 557
276 278 312
270 312 278
328 327 249
3 313 328
310 314 293
314 289 316
316 317 315
338 334 9
317 316 289
315 558 329
317 289 326
333 9 334
342 337 339
378 340 367
347 348 420
349 419 256
562 320 238
567 304 526
354 559 352
25 353 321
322 217 232
305 322 237
27 550 360
323 360 324
230 324 248
322 324 217
283 299 556
326 325 309
325 326 292
317 326 309
327 291 553
249 552 328
328 313 557
314 329 302
315 329 316
309 330 317
8 330 331
332 309 554
309 325 554
7 331 332
339 336 10
330 335 317
335 315 317
8 333 335
334 335 333
10 341 343
337 315 334
337 338 339
338 337 334
339 338 336
343 340 342
339 10 343
367 340 343
342 300 337
343 342 339
368 370 365
300 342 340
11 368 341
400 406 13
364 297 345
373 366 372
363 302 300
344 345 318
347 303 301
418 419 319
319 346 347
303 347 346
366 391 397
396 390 394
351 256 255
350 279 290
271 350 290
351 350 349
256 351 349
279 351 255
266 537 515
531 535 515
354 307 268
321 353 354
354 353 307
358 355 357
26 357 355
306 356 273
307 353 358
358 356 307
273 357 323
25 355 358
323 359 360
323 26 359
27 360 359
375 361 370
408 409 381
371 379 378
409 432 423
560 300 340
345 363 379
297 364 303
345 344 364
365 367 368
370 380 365
373 344 318
388 391 362
368 367 343
378 367 365
341 368 343
12 377 369
375 370 376
370 361 380
376 11 369
368 376 370
381 401 371
318 374 373
373 372 344
399 366 397
318 379 374
366 373 382
371 380 381
366 382 362
407 377 12
11 376 368
376 369 377
449 430 14
376 377 375
380 378 365
374 379 371
345 379 318
363 300 560
381 380 361
378 380 371
422 408 375
362 382 384
373 374 382
374 371 401
408 381 361
440 403 410
374 384 382
425 383 432
389 385 426
444 387 434
383 386 384
385 389 388
388 389 387
394 390 392
385 388 386
392 391 388
433 440 441
467 471 460
394 392 387
348 399 398
392 388 387
391 390 397
394 387 393
390 391 392
434 435 427
561 404 393
404 561 395
394 404 396
304 562 428
396 404 412
405 412 413
398 396 348
398 397 390
399 372 366
396 398 390
399 348 301
372 399 301
397 398 399
563 430 449
12 406 407
423 401 381
384 401 383
377 407 375
440 410 441
458 461 457
403 442 457
393 404 394
412 404 395
417 228 416
420 414 418
406 400 407
400 437 422
422 407 400
375 408 361
409 408 402
438 437 431
423 432 383
386 425 385
435 472 475
457 466 403
478 460 471
413 412 395
414 412 405
428 413 395
562 304 320
415 414 405
396 414 348
416 415 405
418 415 240
417 416 405
416 228 244
413 417 405
228 417 250
240 247 429
420 418 319
319 419 349
418 240 429
347 420 319
414 420 348
452 447 449
400 421 437
408 422 402
407 422 375
401 423 383
381 409 423
402 437 438
446 439 443
383 425 386
441 425 424
441 426 385
435 426 410
389 426 435
475 445 427
561 428 395
304 428 272
256 429 247
418 429 419
431 563 447
437 421 431
431 447 439
402 438 409
446 409 438
425 432 424
447 563 449
403 440 442
435 434 389
444 434 427
472 403 470
466 470 403
492 493 490
393 436 527
422 437 402
421 13 430
439 438 431
446 432 409
400 13 421
439 453 443
410 426 441
442 440 433
425 441 385
424 446 443
447 452 453
462 15 455
433 441 443
424 443 441
436 393 444
393 387 444
530 411 492
444 445 436
432 446 424
438 439 446
431 421 563
439 447 453
469 471 479
472 435 410
15 462 454
453 456 433
454 452 450
449 14 450
15 454 450
450 452 449
453 452 451
456 453 451
433 443 453
16 459 463
452 454 451
461 459 448
456 451 462
454 462 451
433 456 442
458 457 442
467 466 457
456 458 442
462 458 456
463 455 16
465 464 17
460 466 467
564 565 566
457 461 448
458 459 461
458 463 459
463 458 462
564 485 469
462 455 463
16 464 474
474 448 459
467 457 448
466 460 468
465 480 448
481 473 480
494 460 478
475 411 445
521 538 540
489 491 500
466 468 470
475 472 468
17 477 481
482 478 471
403 472 410
468 472 470
473 477 18
473 479 480
16 474 459
464 465 474
435 475 427
494 475 468
486 482 484
530 445 411
482 471 469
465 17 481
476 493 498
495 471 467
564 479 473
495 479 471
448 480 467
473 481 477
465 481 480
484 482 469
478 482 486
485 541 484
547 545 508
485 484 469
486 484 483
479 564 469
542 543 546
538 488 486
486 476 478
547 20 544
512 514 509
538 486 483
487 491 490
489 490 491
527 506 525
487 490 488
490 489 524
499 491 487
491 501 500
506 524 505
490 493 476
492 411 493
411 494 498
498 494 478
475 494 411
467 480 495
479 495 480
499 487 518
23 531 532
569 258 529
258 260 529
476 498 478
411 498 493
488 538 487
500 501 497
501 491 499
497 568 505
499 503 501
504 507 503
528 529 567
526 272 525
499 496 503
503 496 504
504 512 511
267 510 266
497 505 500
505 502 506
525 506 502
530 506 527
504 263 507
569 507 263
518 487 521
548 539 547
512 496 516
535 23 533
263 504 510
511 510 504
512 504 496
511 509 515
516 514 512
509 511 512
513 516 517
513 517 519
522 514 513
522 534 514
531 515 509
515 352 559
517 516 496
513 514 516
499 517 496
517 508 519
508 517 518
499 518 517
545 547 544
541 539 540
520 22 522
523 513 519
518 521 548
522 22 534
523 522 513
21 520 523
523 520 522
490 524 492
505 524 489
525 502 526
527 525 272
567 502 528
567 320 304
527 272 561
527 436 530
502 568 528
568 569 528
262 529 260
569 529 528
445 530 436
524 530 492
514 534 509
23 535 531
533 24 536
531 509 534
352 515 535
22 532 534
534 532 531
535 533 536
354 536 24
535 536 352
510 537 266
511 515 537
540 538 483
487 538 521
485 546 541
543 547 539
541 540 483
548 540 539
484 541 483
19 542 546
519 508 545
20 543 542
546 543 539
545 21 523
545 523 519
544 21 545
548 547 508
541 546 539
566 546 485
547 543 20
518 548 508
548 521 540
27 549 550
550 218 248
218 550 549
222 551 552
222 2 551
3 552 551
243 553 239
327 553 221
7 554 298
6 298 555
554 555 298
283 556 325
555 556 299
328 557 327
4 557 313
329 558 300
315 337 558
267 559 268
515 559 266
378 560 340
363 560 379
527 561 393
428 561 272
250 562 238
428 562 413
430 563 421
473 18 564
566 565 19
546 566 19
564 18 565
564 566 485
320 567 262
502 567 526
505 568 502
569 568 497
507 569 497
263 265 570
258 569 570
263 570 569
5 571 284
295 571 288
243
1 63
2 223
3 551
4 313
5 287
6 288
7 298
8 331
9 333
10 336
11 341
12 369
13 406
14 430
15 450
16 455
17 464
18 477
19 565
20 542
21 544
22 520
23 532
24 533
25 321
26 355
27 359
28 549
29 219
0 177
30 175
191 31
213 32
33 34
34 35
35 36
36 37
37 38
39 38
39 40
40 41
41 42
42 43
44 43
44 45
45 46
47 46
47 48
48 49
50 49
51 50
52 51
53 52
54 53
54 55
56 55
57 56
214 57
211 58
59 164
60 207
61 212
62 209
63 210
64 107
65 167
66 29
67 206
68 205
69 111
70 199
71 118
72 183
73 202
74 87
75 192
76 204
77 208
78 180
79 131
80 150
81 165
82 149
83 198
84 91
85 147
86 160
87 197
88 153
89 151
90 75
91 190
92 181
93 132
94 166
95 110
96 203
97 157
98 196
99 154
100 182
101 168
102 152
103 68
104 155
105 158
106 163
107 92
108 188
109 96
110 65
111 201
112 141
113 148
114 195
115 189
116 146
117 161
118 193
119 70
120 162
121 126
122 125
123 194
124 159
125 200
126 169
127 174
128 156
129 170
130 184
131 94
132 78
133 123
134 185
135 171
136 172
137 173
138 179
139 140
140 113
141 138
142 187
143 178
144 176
145 186
146 104
147 129
148 136
149 88
150 101
151 83
152 81
153 31
154 80
155 115
156 85
157 137
158 114
159 86
160 130
161 105
162 134
163 135
164 89
165 100
166 124
167 102
168 64
169 112
170 93
171 98
172 120
173 108
174 121
175 142
176 0
177 145
178 30
179 144
180 127
181 128
182 73
183 99
184 95
185 79
186 139
187 122
188 119
189 74
190 59
191 109
192 117
193 106
194 143
195 71
196 133
197 82
198 90
199 116
200 97
201 72
202 103
203 77
204 84
205 61
206 76
207 69
208 62
209 32
210 60
211 67
212 66
213 33
214 58
219 28
223 1
287 4
288 5
313 3
331 7
333 8
336 9
341 10
321 24
355 25
359 26
369 11
406 12
450 14
455 15
464 16
477 17
520 21
532 22
533 23
542 19
544 20
549 27
551 2
298 6
430 13
565 18
