488
1.0 0.0
0.9781476007338057 0.20791169081775931
0.9135454576426009 0.40673664307580015
0.8090169943749475 0.5877852522924731
0.6691306063588582 0.7431448254773941
0.5000000000000001 0.8660254037844386
0.30901699437494745 0.9510565162951535
0.10452846326765368 0.9945218953682733
-0.10452846326765333 0.9945218953682734
-0.30901699437494734 0.9510565162951536
-0.4999999999999998 0.8660254037844387
-0.6691306063588579 0.7431448254773945
-0.8090169943749473 0.5877852522924732
-0.9135454576426008 0.40673664307580043
-0.9781476007338056 0.20791169081775973
-1.0 1.2246467991473532e-16
-0.9781476007338057 -0.20791169081775907
-0.9135454576426011 -0.4067366430757998
-0.8090169943749476 -0.587785252292473
-0.6691306063588585 -0.743144825477394
-0.5000000000000004 -0.8660254037844384
-0.30901699437494756 -0.9510565162951535
-0.10452846326765423 -0.9945218953682733
0.10452846326765299 -0.9945218953682734
0.30901699437494723 -0.9510565162951536
0.49999999999999933 -0.866025403784439
0.6691306063588578 -0.7431448254773946
0.8090169943749473 -0.5877852522924734
0.9135454576426005 -0.40673664307580093
0.9781476007338056 -0.20791169081775987
0.998 0.0
0.9914442802201416 0.062373507245327794
0.9720636372927802 0.12202099292274005
0.9407050983124842 0.17633557568774194
0.8987391819076574 0.22294344764321825
0.848 0.25980762113533157
0.7907050983124841 0.285316954888546
0.729358538980296 0.298356568610482
0.666641461019704 0.298356568610482
0.6052949016875158 0.2853169548885461
0.548 0.2598076211353316
0.49726081809234257 0.22294344764321833
0.45529490168751574 0.17633557568774197
0.42393636270721974 0.12202099292274013
0.40455571977985827 0.06237350724532792
0.39799999999999996 3.6739403974420595e-17
0.40455571977985827 -0.06237350724532772
0.4239363627072196 -0.12202099292273993
0.4552949016875157 -0.1763355756877419
0.49726081809234246 -0.2229434476432182
0.5479999999999998 -0.2598076211353315
0.6052949016875157 -0.285316954888546
0.6666414610197037 -0.298356568610482
0.7293585389802959 -0.298356568610482
0.7907050983124841 -0.2853169548885461
0.8479999999999998 -0.2598076211353317
0.8987391819076573 -0.22294344764321836
0.9407050983124842 -0.176335575687742
0.9720636372927801 -0.12202099292274027
0.9914442802201416 -0.06237350724532796
0.9890738003669028 0.10395584540887966
0.9890738003669028 -0.10395584540887993
0.981753958756461 0.09219725008403391
0.9836107005503543 0.1559337681133195
0.9945369001834514 0.05197792270443983
0.9945369001834514 -0.05197792270443997
0.9836107005503543 -0.1559337681133199
0.9817539587564609 -0.09219725008403412
0.9918053502751771 -0.07796688405665995
0.9918053502751771 0.07796688405665975
0.9947221401100708 0.031186753622663904
0.9947221401100708 -0.031186753622663987
0.9931711252293143 0.06497240338054978
0.9931711252293143 -0.06497240338054996
0.9930832101651061 0.046780130433995856
0.9930832101651061 -0.04678013043399598
0.9865991194883013 -0.07728537866468105
0.9865991194883013 0.07728537866468087
0.9972684500917257 0.025988961352219914
0.9972684500917257 -0.025988961352219984
0.992263745192624 0.05457681883966182
0.992263745192624 -0.054576818839661964
0.9959026751375886 -0.03898344202832998
0.9959026751375886 0.03898344202832987
0.9963610700550354 0.015593376811331952
0.9963610700550354 -0.015593376811331994
0.9938540127063828 0.05847516304249481
0.99521978766052 -0.04548068236638497
0.9965855626146571 -0.03248620169027498
0.9938540127063828 -0.05847516304249496
0.9939026751375885 -0.038983442028329984
0.9939026751375885 0.03898344202832988
0.99521978766052 0.04548068236638485
0.9965855626146571 0.03248620169027489
0.9955416050825531 0.023390065216997928
0.9955416050825531 -0.02339006521699799
0.9986342250458629 0.012994480676109957
0.9986342250458629 -0.012994480676109992
0.9979513375687943 -0.01949172101416499
0.9979513375687943 0.019491721014164937
0.9971805350275177 0.007796688405665976
0.9971805350275177 -0.007796688405665997
0.9993171125229314 0.006497240338054979
0.9993171125229314 -0.006497240338054996
0.9943124076238297 -0.03508509782549698
0.9934929426513472 0.04288178623116288
0.9955612313990543 0.04223206219735736
0.9969270063531914 0.029237581521247405
0.9975902675137589 0.0038983442028329824
0.9996585562614657 0.0032486201690274893
0.9969270063531914 -0.02923758152124748
0.9943124076238297 0.03508509782549688
0.9955612313990543 -0.04223206219735748
0.9934929426513472 -0.04288178623116299
0.9996585562614657 -0.003248620169027498
0.9975902675137589 -0.003898344202832993
0.9989756687843971 0.009745860507082468
0.9948783439219857 -0.048729302535412466
0.9948783439219857 0.04872930253541234
0.9989756687843971 -0.009745860507082494
0.9967708025412765 0.01169503260849897
0.992673477678865 -0.05067847463682897
0.992673477678865 0.05067847463682884
0.9967708025412765 -0.011695032608499
0.9890216998542214 -0.06982944295500453
0.9951318725963119 0.027288409419830923
0.9951318725963119 -0.027288409419830996
0.9890216998542214 0.06982944295500434
0.9902329900371816 -0.06610147510016623
0.9902329900371816 0.06610147510016605
0.9924882377522457 -0.07146964371860495
0.9924882377522457 0.07146964371860476
0.99043957532104 0.0909613647327697
0.99043957532104 -0.09096136473276994
0.9911224627981086 0.08446412439471472
0.9911224627981086 -0.08446412439471496
0.9863422504586286 0.12994480676109957
0.9563843678026323 0.14917828430524097
0.9863422504586286 -0.12994480676109993
0.9563843678026321 -0.14917828430524113
0.3764164608155285 -0.28955511926131106
0.3764164608155284 0.2895551192613113
0.6080296805161073 -0.423277074003316
0.7858107747978649 -0.4131172150506675
0.945846529188203 -0.3073241669467804
0.8520810008822951 -0.34607159414160327
0.6080296805161076 0.4232770740033165
0.7858107747978651 0.41311721505066756
0.9458465291882032 0.3073241669467797
0.8520810008822951 0.34607159414160305
0.46918688385304175 -0.31493423623134364
0.36087352306051945 -0.19464006221195906
0.46918688385304186 0.3149342362313441
0.2676372228609336 0.045232950578014366
0.3608735230605195 0.19464006221195923
0.6979999999999997 -0.38504734978067445
0.698 0.38504734978067445
0.5461489394876221 -0.3410630660671546
0.3429325550938563 -0.11536840634109823
0.5461489394876223 0.34106306606715464
0.34293255509385656 0.1153684063410985
0.33053131168768696 -0.03862251546914683
0.4591349075098643 -0.47095184843296145
0.18205665626505735 -0.1934443107428278
0.45913490750986563 0.4709518484329606
0.20465987402298103 0.18832869153084797
0.4851597896873085 -0.39429596898447805
0.271604611619922 -0.17317758386734738
0.4851597896873092 0.39429596898447766
0.28361616548393787 0.1704590976601813
0.37514763113711436 -0.3996922375004243
0.3751476311371154 0.39969223750042426
0.2667500564175333 0.2793045344397235
0.7003375618129346 -0.5155321070119383
0.7056022210300557 0.5126492388582682
0.20788937447726574 -0.06509365920928006
0.25231948182087416 -0.2959326955471261
0.26446138614799297 -0.6152720507903326
0.26446138614799586 0.6152720507903329
0.3160212549304437 0.34393520689644214
0.25097351842197446 0.47214189716152255
0.21229639265859163 0.37191357689372967
0.31699936722130234 -0.3439464751947527
0.18179094450573907 -0.45851483496676904
0.2815253965176034 -0.43914931926478884
0.21781819664763907 -0.3775547493941822
0.24637626729045903 -0.5246318306302122
0.14094533856048952 -0.29695813040096936
0.1026398348659406 -0.6004353863784301
0.36542408981485264 -0.5480029841154603
0.18575117243047407 -0.5838524785301487
0.17214689143809553 -0.7322325856179339
0.20095664798586613 -0.6600603078973257
0.308202046051018 -0.7447068491168854
0.3507344711825119 -0.472565783657573
0.3552640495165838 0.5082511411345193
0.016887105683926734 0.5048968260647225
-0.06028631921202343 -0.15711666464769394
0.5203057598869539 -0.6408606747067161
0.36317122616237013 -0.6540226240286727
0.3186157451363606 0.44543827630925975
0.47172777806186955 0.6692995360467355
0.28549789315388907 0.5410890845772894
0.3564406046884251 0.6012809403056937
0.1794284261117179 0.5510845390986658
0.33495988995644743 0.7694008730155367
0.3217070746648138 0.6822752945760387
0.4001022312818429 0.7149212211377385
0.17571145735407384 0.7490536714844128
0.48419083878849567 0.7679029103229001
0.23917901518711165 0.6948287736831468
0.14552568897770726 0.6494674585352107
0.5845653031794291 0.8045851146309164
0.4045084971874738 0.908540960039796
-0.05275350619290603 0.7639361860096154
0.08518566642713037 0.5736413987177666
0.059742462929561035 0.729837316631604
-0.03902497176101388 0.6287461558880906
0.32604617663883456 0.8608081943055267
0.01256486912280223 0.5774910277324645
-0.08037871860451026 0.5355314217948988
0.20677272882130054 0.9727892058317135
0.2492091225261452 0.8071770437739632
-0.259422479709622 0.670742770175487
-0.09738307890681053 0.31181367808137334
-0.1541239495440495 0.6240281729412566
-0.06277719890312898 0.4216884573483058
0.05664640787089968 -0.20355740569119649
0.4594229137042687 -0.5668139880635891
0.44142235452783174 -0.6436674154699121
0.41537437146152834 -0.7476682808013885
0.5728788229992046 -0.5355809593096962
0.5685802679660316 0.563576883539333
0.5729012965008097 0.6996137649437837
0.040572787973011726 0.8692122256981147
-0.010744706251603384 0.6999100948345797
-0.0992199272918135 0.6909254447288882
-0.19471076015448924 0.8029906754525958
-0.1297363871197038 0.7616388616631253
-0.09461277521005634 0.8756427873656257
-0.2767207302270954 0.44689234901837344
0.061266414231862104 0.32223291815019867
0.12184747690750564 -0.22945251682412376
0.4045084971874733 -0.9085409600397963
0.538747081451606 -0.4632447914084511
0.6355237321430639 -0.632630114914762
0.6313667484098185 -0.49223453390604355
0.5378400478786968 0.6326403718087636
0.4601420847991512 0.5704615012525176
0.7390738003669028 0.6654650388849337
0.10648786213113415 0.8072724521112402
0.018113777784679347 0.7951174488696182
-0.18335383243520104 0.7001746781055261
-0.05226423163382663 0.9390281598585619
1.665334536937735e-16 0.9945218953682733
0.052264231633826916 0.9422208507084874
-0.20677272882130032 0.9727892058317136
-0.24154261125908638 0.8849915717606689
-0.14452896131616222 0.9313323729905433
-0.40450849718747356 0.9085409600397962
-0.3232711583511278 0.7839416545270323
-0.3240861013142654 0.8681765052692669
-0.41821228477788286 0.8108236793257934
-0.4094320127132599 0.6607374606616236
-0.5845653031794289 0.8045851146309165
-0.3877521623724374 0.7373057038475324
-0.49864090472890316 0.7344311853845221
-0.17421282648389613 0.3963988587048575
-0.19084717796267506 0.5184516420015137
0.031035558370668653 0.41161121322426936
-0.01986888516966906 0.34459184315660374
-0.011468621471136822 0.21668447474968838
0.12183189464033124 0.39251998775037517
0.11383082404801594 0.4851691484875428
0.17912330330164233 0.44413766701421115
0.23020748252016027 -0.8471783278516367
0.4264012383422972 -0.8292163701712627
0.3289269641410285 -0.8449978861459891
0.5845653031794286 -0.8045851146309169
0.4982644001164044 -0.7241543682933641
0.5855460080117378 -0.717017717257
0.5129417299642672 -0.7949209451524514
0.7390738003669026 -0.6654650388849339
0.7046290806899392 -0.5943937198143104
0.6436343136337579 0.555717333252282
0.7303684219786563 0.5872982203028073
-0.592098363358079 0.530455444837751
-0.31702902211837036 0.18949188542128498
-0.2314546751055292 0.5917514371319397
-0.33012671478359906 0.6012622788994402
-0.4498584595262147 0.5242209350983498
-0.28723212885459887 0.5296789748595969
-0.3668858214041359 0.4775047362033998
-0.40429734384973653 0.5849729621737554
-0.5088761787292965 0.615941745539545
-0.5084656393819293 0.3230867780853204
-0.3653380417233054 0.3339721447898772
-0.45569343414619007 0.4168154887146947
-0.3408799407030277 0.4060105289636304
-0.26114704797704363 0.3387688917388237
-0.31028201735286154 0.27206437386248317
-0.41017258947705926 0.23866454728281783
-0.1905352162855036 0.22071795960473717
-0.1310666510627906 0.46443909672651085
-0.5202581839647445 0.5437701295118011
-0.5406797211497814 0.45348941793775943
-0.7218466730413616 0.3881159557716357
-0.6393546873976839 0.443226321548679
-0.7066431175771521 0.5360948912531998
-0.6230861716941736 0.32958051043296016
-0.5867699099684429 0.6823570968717932
-0.7390738003669026 0.6654650388849339
-0.5844176259616968 0.6062303001323082
-0.43817196039436024 0.34522979011013727
-0.4689574892008095 0.014510062712579042
-0.8612812260087741 0.4972609476841368
-0.5628009541227479 0.37884435713893716
-0.7732336442587815 0.18883464055609914
-0.41341037995119695 0.11972820051730061
-0.7282917384220711 0.46354861512389767
-0.8104701060671771 0.41853552047938447
-0.7862032490942328 0.5142641939078715
-0.9458465291882031 0.3073241669467801
-0.7867223053720642 0.34341545230335235
-0.856533482229439 0.3648124338811366
-0.8504819294711883 0.259972898949398
-0.8801735406300438 0.15022041257569207
-0.5435686112630193 0.18278372744380317
-0.24908052209473888 -0.03429674080930422
-0.9071675278843245 0.2164156782360365
-0.9890738003669027 0.10395584540887993
-0.7439692673504681 -0.059600455906835714
-0.46426169634402725 0.18062476443004757
-0.506175153555249 0.09868586772243715
-0.6611855831005757 0.0801239732567543
-0.5865432786388709 0.11331309203274796
-0.657883091906972 0.20547145963958302
-0.5810647224470832 0.0004620189205704617
-0.5693204272237468 0.26376947612640866
-0.3523359372518987 0.020214201372486418
-0.7877830425338165 0.06173928912492996
-0.7079025847535666 0.14407205959777625
-0.7261831098459424 0.2708191652857876
-0.6701102800808656 -0.008974318425086086
-0.6069272718410355 -0.18034253514465107
-0.6168538721347747 -0.08667063404728967
-0.48542202809917884 -0.12010445791542232
-0.5417776620581196 -0.06659127867037798
-0.25086575912135545 0.08737105895017672
-0.8120321071065144 0.12889568686050448
-0.40679398364016545 -0.061407219540534005
-0.32034409303710554 -0.2592232283925834
-0.38665048746907127 -0.17040231835222416
-0.33130172245411244 0.10775098105120426
-0.2832390798995211 0.026049046466561455
-0.07347298121025853 0.029126953743994523
-0.24375197082776703 0.16447376172529177
-0.14310651990740397 0.11630830608687198
-0.4930920110728973 -0.25729562224086294
-0.26900384121738996 -0.15173690580774446
-0.17705201952487276 0.027607133917005526
-0.14563756293344618 -0.08180174786244032
-0.044580820489097214 0.12360326231440111
0.08414126246161457 0.03258230525954119
0.004764096196016317 0.05685693961008756
0.0018409065959526516 -0.05912921354276781
0.07503794657156472 0.14473232739038136
-0.10146366429789193 0.1982020253058602
-0.4066762342559632 -0.2545118040953249
-0.4439195513781099 -0.44105699335397974
-0.44706424692248964 -0.34343879629039004
-0.6546473341635737 -0.3989856771655793
-0.32584423438630106 -0.38839353682749983
-0.5443745026396145 -0.3954333222523489
-0.3710336288713107 -0.3243346396425982
-0.4590215847759903 -0.19039042058723957
-0.3220097948669486 -0.08233458480512335
-0.16752636387664127 -0.26621142167792466
-0.21671513355064354 -0.1001974610991414
-0.1597917686111154 -0.1736255918115786
-0.07525155975489614 -0.048653650788475104
0.015578899873978647 -0.13652861219361065
0.11324577629012393 -0.12278473445429351
0.16374293884507962 0.09548811645355579
0.16669157032378845 0.009939581443617358
0.10767545021375942 -0.043418652254941244
0.07619909617418565 0.23410694948560457
0.15465750307655085 0.29272962547761117
-0.602778482846342 -0.2957771844390678
-0.593818006334908 -0.5739298861974624
-0.24245833235629782 -0.23042057835405802
-0.24423581502241154 -0.33047640620199475
-0.16094756023477463 -0.5342880723324273
-0.12138824671617703 -0.39919820714209286
-0.22637271845253085 -0.4421004295552449
-0.16974463565861547 -0.34147794030259
-0.06967831229863189 -0.3067611694979916
0.23625261283048477 0.1128701840190564
-0.7852019762123682 -0.2445417121746817
-0.5322090902440326 -0.321361679294315
-0.5619747188491457 -0.23651879362877726
-0.5969415443186161 -0.47696846588630737
-0.7170291081488859 -0.5054890022600629
-0.5055184846292836 -0.5225543633023657
-0.46504548249608796 -0.6936839436551976
-0.5112557031719679 -0.6142620681460536
-0.3499485602680848 -0.5761121216237279
-0.5924923094213927 -0.6758870978583003
-0.41898782951235763 -0.5239295132698495
-0.33365784327629794 -0.4827970880064972
-0.4253418471164894 -0.6174288424522502
-0.31959071242861226 -0.7209539041072085
-0.35675344439706785 -0.6531406688072288
-0.23613868778699043 -0.6311313648692346
-0.6984931430231622 -0.6262781473912233
-0.5845653031794295 -0.8045851146309162
-0.49949451186885097 -0.7764124372852856
-0.404508497187474 -0.908540960039796
-0.15693037825960818 -0.4621273035978434
-0.013826910235975237 -0.5062860601618517
-0.09521082945636966 -0.23004171415194266
-0.014241346042463465 -0.24570315753112118
0.03781173313660913 -0.34865989683517595
-0.6857917566656513 -0.24096885058298081
-0.6971430336000805 -0.1445950051590632
-0.7322818305207812 -0.33220946768822357
-0.7978156020395217 -0.14466244992028587
-0.8368671963020785 -0.3355354819593276
-0.7404652395300281 -0.4202408709578537
-0.8728829303179182 -0.03756896027382777
-0.87773836316954 -0.20549190499762882
-0.9458465291882034 -0.30732416694677944
-0.8612812260087743 -0.4972609476841364
-0.8130197693968183 -0.07546381373790874
-0.8839487312853674 -0.1212806654611022
-0.9179082373742794 0.043923925700450575
-0.790015918150243 -0.5164654394136896
-0.25400401723758265 -0.5310200314904291
-0.14177260860539695 -0.8024826201526113
-0.6664404192603839 -0.5595426145465497
-0.7412119285573365 -0.5710168416985101
-0.398652213661123 -0.7411043566431802
-0.33461933356661966 -0.8271646953946638
-0.42409443414579995 -0.824035203115731
-0.03826949333906566 -0.38501345641488216
0.12191462506151526 -0.387711325828166
0.047007931327649306 -0.4389441321781467
0.07039088921861758 -0.521216875338151
-0.8800249405336159 -0.2776550013942853
-0.21722915895140033 -0.732377700471335
-0.23642060647657875 -0.8286949893850586
-0.0829355113887289 -0.6634932338233781
-0.28635919819410954 -0.8817829835482804
-0.20677272882130088 -0.9727892058317135
-0.16435345232002976 -0.6701132240477962
-0.16853722015923173 -0.8898249348906591
-0.03813155574997182 -0.8820136553587788
-0.10125662744461093 -0.9206065366557433
0.8612812260087739 -0.49726094768413714
0.7813868897393668 -0.5114834675378259
0.8612812260087741 0.49726094768413664
0.7821891348145605 0.4922830063570223
0.12509582922738402 0.8931173220518045
0.17786822246428258 0.8367390430984178
0.2434453289893093 0.8939431548841134
0.544464105321105 0.4810998307139105
-0.25244450843982336 0.7492846647131964
0.23714250900385536 -0.7715389042846136
0.2067727288213001 -0.9727892058317136
0.24802614408940027 -0.9154941955299564
0.13674968623394546 -0.8947337612088317
0.15420713232962863 -0.8134306429236062
0.03220126219662994 -0.7438940574325025
-6.245004513516506e-16 -0.9945218953682733
0.03577392089432338 -0.832680439985751
0.05108981954346149 -0.920940427275049
0.6488058459738605 0.6475922276700796
-0.18249450787614768 0.30567108656329145
-0.670112671651741 0.6140023500504089
-0.82561544136124 -0.41993954395051836
-0.9890738003669028 -0.10395584540887948
-0.9447036824340003 -0.04674024046205568
0.14441814844025375 -0.5224270700501704
0.0979311677303559 -0.6871455135986317
0.012246126368946827 -0.6390095999926152
-0.05292926298708345 -0.5828903137787111
-0.06100323755862823 -0.754725797855409
0.41007879368273004 0.8188048320655551
809
151 167 176
112 90 113
83 111 93
177 186 190
376 359 378
100 102 116
167 151 158
114 30 115
103 115 101
374 351 368
467 277 193
87 113 75
194 162 170
102 100 108
115 103 114
231 246 244
30 109 108
140 49 48
86 31 80
140 48 151
60 32 62
170 162 166
46 161 158
97 123 85
31 86 72
184 194 170
71 88 110
370 374 368
153 45 44
299 477 267
59 89 81
82 104 90
105 106 92
269 241 272
70 107 93
357 356 348
366 386 271
106 91 83
301 318 287
104 82 88
181 272 387
58 61 67
41 40 152
136 63 137
130 76 68
141 42 41
98 95 79
169 172 165
85 98 97
141 171 179
205 218 222
108 109 102
40 159 152
43 42 154
154 160 43
78 125 94
150 49 140
121 117 75
173 143 155
142 52 51
92 74 105
53 155 143
110 79 126
150 50 49
94 84 99
54 53 143
70 93 111
116 96 120
144 145 28
283 459 173
83 91 111
145 144 55
144 29 56
88 71 104
54 145 55
56 29 57
80 64 86
57 29 66
130 73 128
73 89 59
138 61 58
62 134 132
71 110 126
75 117 87
91 106 105
135 67 133
89 65 81
65 121 81
122 74 118
146 39 38
147 156 37
174 146 156
37 156 38
147 37 36
99 78 94
84 96 99
35 149 36
159 168 152
136 137 32
76 135 68
1 33 63
90 112 82
57 66 139
129 31 72
34 148 35
132 60 62
30 114 0
149 148 2
34 33 1
149 35 148
109 30 0
113 87 112
118 64 122
120 100 116
101 119 103
77 127 131
125 107 70
95 98 85
74 92 118
123 119 101
96 84 120
117 121 65
64 80 122
119 123 97
128 124 130
107 125 78
79 95 126
77 131 69
73 59 128
131 129 72
76 130 124
129 131 127
32 60 136
134 62 77
67 61 133
77 69 134
67 135 76
139 138 58
63 33 137
47 151 48
138 139 66
158 47 46
179 200 181
42 141 154
157 50 150
157 166 244
53 52 155
458 28 143
54 143 145
55 144 56
143 28 145
233 209 201
152 141 41
461 3 285
174 156 147
2 147 149
34 1 148
147 36 149
231 198 245
50 157 51
151 47 158
352 359 376
159 40 39
146 174 284
397 160 169
362 364 366
172 169 154
43 160 44
52 142 155
142 246 155
147 461 174
146 38 156
166 157 150
142 51 157
161 46 45
175 161 153
39 146 159
146 465 168
169 160 154
153 44 160
45 153 161
167 158 175
166 150 170
151 176 140
163 167 175
377 395 396
206 178 203
168 171 152
152 171 141
269 196 226
170 150 140
166 162 244
175 158 161
167 163 176
146 168 159
168 164 171
172 154 141
165 383 397
170 140 182
177 192 193
202 203 178
216 235 219
202 200 195
196 215 219
228 231 244
246 283 173
285 249 476
201 247 233
366 383 165
226 196 220
170 182 184
192 177 190
176 185 182
176 187 185
211 208 216
141 179 172
171 164 195
171 200 179
204 178 211
179 181 172
202 204 180
204 273 274
140 176 182
185 184 182
187 445 185
455 457 438
183 186 184
189 194 186
187 176 163
183 184 185
482 190 186
186 177 189
242 187 163
391 390 351
377 391 395
449 454 413
199 177 193
279 281 280
482 186 183
188 483 192
485 484 419
276 25 281
188 192 190
192 191 467
277 24 243
230 279 229
186 194 184
162 194 189
248 164 465
202 195 203
252 236 238
220 196 219
382 385 365
479 428 425
162 189 228
189 177 199
199 230 229
189 229 228
200 180 181
171 195 200
212 233 4
209 487 207
204 202 178
200 202 180
248 195 164
203 207 206
178 206 210
269 272 273
5 213 487
208 210 222
207 203 201
205 222 210
209 207 201
205 206 207
255 254 253
210 211 178
212 209 233
464 462 463
205 210 206
210 208 211
216 208 250
196 269 273
232 247 248
5 209 212
213 6 218
487 205 207
237 258 257
9 259 261
204 211 215
215 211 216
251 235 216
225 252 223
225 220 217
463 462 250
487 218 205
216 219 215
220 219 217
240 292 298
224 226 267
462 7 255
258 253 8
464 218 6
218 464 222
223 466 260
288 223 289
268 225 288
300 301 287
236 225 217
267 226 303
268 220 225
271 270 224
227 382 381
197 361 379
229 189 199
228 198 231
199 193 230
198 228 229
275 469 277
26 245 280
280 198 279
246 231 245
232 248 465
233 247 476
476 247 232
255 253 234
235 251 214
236 235 214
219 235 217
235 236 217
236 214 238
238 239 237
261 257 9
239 238 214
237 466 252
239 214 251
256 9 257
265 260 262
316 309 295
241 270 271
241 386 387
382 242 163
422 242 227
277 467 275
25 276 243
244 142 157
228 244 162
27 459 283
245 283 246
155 246 173
244 246 142
247 201 248
232 284 476
201 203 248
195 248 203
285 284 174
285 174 461
208 222 463
251 250 234
250 251 216
239 251 234
236 252 225
237 252 238
234 253 239
8 253 254
255 234 462
234 250 462
7 254 255
262 259 10
253 258 239
258 237 239
8 256 258
257 258 256
10 264 266
260 237 257
260 261 262
261 260 257
262 261 259
478 311 308
265 262 266
304 294 312
265 223 260
262 10 266
312 286 304
223 265 263
310 264 11
263 265 266
303 220 268
298 299 240
288 225 223
267 268 240
270 226 224
241 387 272
241 269 270
226 270 269
224 477 302
364 362 355
274 181 180
273 204 215
196 273 215
274 273 272
181 274 272
204 274 180
275 471 470
468 24 469
277 230 193
243 276 277
277 276 230
281 278 280
26 280 278
229 279 198
230 276 281
281 279 230
198 280 245
25 278 281
245 282 283
245 26 282
27 283 282
284 232 465
3 249 285
321 315 320
476 4 233
263 293 289
291 292 240
338 295 309
289 223 263
268 288 291
294 290 293
268 291 240
297 290 305
292 291 289
288 289 291
289 293 292
297 292 290
298 297 313
294 293 263
292 293 290
263 266 294
310 294 266
305 286 307
323 342 306
296 313 301
299 267 240
290 304 305
313 297 295
297 298 292
298 296 299
296 300 299
302 477 300
301 300 296
287 356 300
318 301 332
341 340 334
318 353 287
224 302 367
220 303 226
268 267 303
304 286 305
290 294 304
307 308 319
297 305 316
325 342 323
309 316 307
308 307 286
307 306 309
478 310 11
315 13 320
320 323 306
331 433 426
264 310 266
295 338 332
12 308 311
478 286 312
294 310 312
11 311 478
301 313 295
298 313 296
345 337 343
339 354 353
306 319 320
320 319 321
297 316 295
307 316 305
317 325 326
318 332 333
339 318 314
307 319 306
321 308 12
320 13 324
308 321 319
12 315 321
325 329 326
317 342 325
324 323 320
324 325 323
324 322 325
324 13 322
435 15 481
329 322 14
434 430 426
341 336 317
335 333 327
350 314 346
360 357 348
322 329 325
14 326 329
423 425 388
326 14 330
335 337 333
295 332 301
333 332 327
335 336 341
318 333 314
349 317 326
337 314 333
335 327 336
335 334 337
338 336 327
309 306 342
334 343 337
344 423 388
336 338 309
332 338 327
347 314 337
376 354 339
330 15 435
343 340 331
341 317 349
335 341 334
317 336 342
309 342 336
340 343 334
331 424 345
358 370 368
345 347 337
331 345 343
344 346 347
352 368 351
339 314 350
344 347 345
314 347 346
360 361 380
300 356 302
435 349 326
341 349 340
350 346 352
339 350 376
375 352 346
445 183 185
400 375 346
352 351 359
339 353 318
356 353 348
360 354 328
353 354 348
381 382 365
362 367 357
353 356 287
360 348 354
362 357 355
302 356 357
19 407 414
401 373 371
390 359 351
379 378 359
361 360 328
355 357 360
378 361 328
197 365 380
355 365 364
367 362 271
384 153 383
366 271 362
355 380 365
364 363 366
381 365 197
363 364 365
383 366 363
271 386 241
224 367 271
302 357 367
375 368 352
369 370 373
373 403 369
410 412 406
388 399 400
370 369 372
398 423 424
425 371 388
408 369 403
422 187 242
399 370 358
401 402 439
370 372 374
374 372 391
400 346 344
368 375 358
376 328 354
352 376 350
390 391 377
420 396 421
376 378 328
359 390 379
379 377 420
361 378 379
360 380 355
197 380 361
421 381 197
242 382 227
163 175 382
384 385 175
384 383 363
397 383 153
385 384 363
153 384 175
365 385 363
175 385 382
366 165 386
165 172 387
165 387 386
172 181 387
371 373 388
399 388 373
416 407 415
401 403 373
351 374 391
379 390 377
394 391 372
393 395 394
403 410 408
394 437 392
392 419 418
227 421 422
369 408 409
418 394 392
394 395 391
396 395 393
422 396 444
421 197 420
160 397 153
165 397 169
426 398 424
427 431 17
370 399 373
400 399 358
375 400 358
344 388 400
402 401 371
401 389 403
371 425 428
440 414 439
407 404 405
403 389 405
416 443 441
372 369 409
407 405 389
410 405 404
20 443 416
409 437 394
414 407 389
415 20 416
410 403 405
408 406 409
406 413 437
394 372 409
404 441 412
408 410 406
450 452 455
412 413 406
404 412 410
412 411 413
443 442 441
411 449 413
439 414 389
19 414 18
21 452 417
407 19 415
407 416 404
411 441 442
411 450 449
392 413 454
393 394 418
482 446 447
393 418 419
379 420 197
377 396 420
421 396 422
421 227 381
444 396 393
446 183 445
424 423 344
423 398 425
345 424 344
424 331 426
398 427 425
428 402 371
340 429 433
433 434 426
398 430 448
17 432 479
427 479 425
340 433 331
340 349 435
434 480 16
16 431 448
398 426 430
18 436 432
448 431 427
428 479 436
433 429 434
429 435 481
16 430 434
340 435 429
326 330 435
440 436 18
428 436 402
406 437 409
413 392 437
475 23 470
484 472 483
401 439 389
440 439 402
436 440 402
18 414 440
412 441 411
416 441 404
449 450 438
20 417 443
442 443 417
393 419 444
446 444 419
187 422 445
446 445 422
444 446 422
446 419 447
484 447 419
188 190 482
398 448 427
16 448 430
450 411 442
486 454 438
442 452 450
453 455 452
486 456 474
485 451 484
417 452 442
455 438 450
438 454 449
452 21 453
392 454 451
22 457 453
455 453 457
470 23 468
191 483 471
473 457 22
438 457 456
27 458 459
459 143 173
143 459 458
147 460 461
147 2 460
3 461 460
7 462 221
208 463 250
463 222 464
6 221 464
464 221 462
168 465 164
284 465 146
252 466 223
237 260 466
192 467 193
471 467 191
277 469 24
468 469 470
470 469 275
275 467 471
471 474 470
483 472 471
472 474 471
472 484 486
486 474 472
456 475 474
474 475 470
457 473 456
456 473 475
285 476 284
23 475 473
4 476 249
267 477 224
300 477 299
286 478 308
310 478 312
17 479 427
436 479 432
15 480 481
481 434 429
434 481 480
446 482 183
188 482 447
192 483 191
484 483 188
484 188 447
484 451 486
419 392 485
392 451 485
454 486 451
456 486 438
5 487 209
218 487 213
167
1 63
2 148
3 460
4 249
5 212
6 213
7 221
8 254
9 256
10 259
11 264
12 311
13 315
14 322
15 330
16 480
17 431
18 432
19 18
20 415
21 417
22 453
23 473
24 468
25 243
26 278
27 282
28 458
29 144
0 114
30 108
129 31
32 137
33 34
34 35
35 36
37 36
37 38
39 38
39 40
40 41
41 42
42 43
44 43
44 45
45 46
47 46
47 48
48 49
50 49
51 50
52 51
53 52
53 54
54 55
56 55
57 56
139 57
67 58
81 59
60 132
61 138
62 32
63 136
64 118
65 89
66 29
67 76
68 135
69 131
70 111
71 126
72 86
73 130
74 122
75 113
76 124
77 62
78 99
79 110
80 31
81 121
82 112
83 93
84 94
85 123
86 64
87 117
88 82
89 73
90 104
91 105
92 106
93 107
94 125
95 85
96 116
97 98
98 79
99 96
100 120
101 115
102 109
103 119
104 71
105 74
106 83
107 78
108 100
109 0
110 88
111 91
112 87
113 90
114 103
115 30
116 102
117 65
118 92
119 97
120 84
121 75
122 80
123 101
124 128
125 70
126 95
127 77
128 59
129 127
130 68
131 72
132 134
133 61
134 69
135 133
136 60
137 33
138 66
139 58
144 28
148 1
213 5
212 4
254 7
256 8
259 9
264 10
243 24
278 25
282 26
249 3
311 11
315 12
322 13
330 14
415 19
431 16
432 17
417 20
453 21
458 27
460 2
221 6
468 23
473 22
480 15
