424
1.0 0.0
0.9781476007338057 0.20791169081775931
0.9135454576426009 0.40673664307580015
0.8090169943749475 0.5877852522924731
0.6691306063588582 0.7431448254773941
0.5000000000000001 0.8660254037844386
0.30901699437494745 0.9510565162951535
0.10452846326765368 0.9945218953682733
-0.10452846326765333 0.9945218953682734
-0.30901699437494734 0.9510565162951536
-0.4999999999999998 0.8660254037844387
-0.6691306063588579 0.7431448254773945
-0.8090169943749473 0.5877852522924732
-0.9135454576426008 0.40673664307580043
-0.9781476007338056 0.20791169081775973
-1.0 1.2246467991473532e-16
-0.9781476007338057 -0.20791169081775907
-0.9135454576426011 -0.4067366430757998
-0.8090169943749476 -0.587785252292473
-0.6691306063588585 -0.743144825477394
-0.5000000000000004 -0.8660254037844384
-0.30901699437494756 -0.9510565162951535
-0.10452846326765423 -0.9945218953682733
0.10452846326765299 -0.9945218953682734
0.30901699437494723 -0.9510565162951536
0.49999999999999933 -0.866025403784439
0.6691306063588578 -0.7431448254773946
0.8090169943749473 -0.5877852522924734
0.9135454576426005 -0.40673664307580093
0.9781476007338056 -0.20791169081775987
0.8 0.0
0.7934442802201417 0.062373507245327794
0.7740636372927803 0.12202099292274005
0.7427050983124842 0.17633557568774194
0.7007391819076575 0.22294344764321825
0.65 0.25980762113533157
0.5927050983124842 0.285316954888546
0.5313585389802961 0.298356568610482
0.468641461019704 0.298356568610482
0.4072949016875158 0.2853169548885461
0.3500000000000001 0.2598076211353316
0.2992608180923426 0.22294344764321833
0.2572949016875158 0.17633557568774197
0.22593636270721978 0.12202099292274013
0.20655571977985832 0.06237350724532792
0.2 3.6739403974420595e-17
0.20655571977985832 -0.06237350724532772
0.22593636270721967 -0.12202099292273993
0.25729490168751573 -0.1763355756877419
0.2992608180923425 -0.2229434476432182
0.34999999999999987 -0.2598076211353315
0.40729490168751575 -0.285316954888546
0.4686414610197037 -0.298356568610482
0.531358538980296 -0.298356568610482
0.5927050983124842 -0.2853169548885461
0.6499999999999998 -0.2598076211353317
0.7007391819076574 -0.22294344764321836
0.7427050983124842 -0.176335575687742
0.7740636372927802 -0.12202099292274027
0.7934442802201417 -0.06237350724532796
0.17841646081552853 -0.28955511926131106
0.0696372228609339 -0.045232950578014235
0.12524193828066632 0.2163666678146397
0.3239914957191534 0.3953215731346592
0.4100296805161074 -0.4232770740033159
0.6760085042808464 -0.39532157313465904
0.8215835391844716 -0.2895551192613113
0.9 -0.04204169410627071
0.5899703194838926 0.42327707400331627
0.8584386452103396 0.20694464830015438
0.7543542728582195 0.350088622556645
0.2711868838530418 -0.31493423623134364
0.1628735230605195 -0.19464006221195906
0.11285239282872757 0.04069085318667317
0.21070848987316898 0.2604792456992283
0.4190641111292755 0.38077341971861295
0.49999999999999983 -0.38928012442391813
0.7288131161469578 -0.31493423623134387
0.8371264769394804 -0.1946400622119593
0.875426726649772 0.0394589390028205
0.6583344910243142 0.3556250894180169
0.7836975192114742 0.25544239365527555
0.34814893948762227 -0.34106306606715464
0.14493255509385633 -0.11536840634109823
0.14493255509385639 0.11536840634109854
0.28055625074942264 0.3020384090289045
0.5 0.37334000537561207
0.5776217517675547 -0.3651816305161011
0.8550674449061434 -0.1153684063410986
0.852188835137006 0.1144330893293371
0.2611349075098643 -0.4709518484329617
0.006659874022980086 -0.18832869153084836
-0.00981737338785832 0.13761693843654949
0.16843828778027015 0.4109975753488874
0.47333925364822327 0.5273911077717464
0.5835726318613116 -0.5214094275677394
0.9890738003669028 -0.10395584540887993
0.9890738003669028 0.10395584540887966
0.28715978968730854 -0.39429596898447816
0.08561616548393733 -0.17045909766018136
0.06456309195851201 0.10566439986404069
0.20983211734877322 0.34142768804105905
0.4659354114682117 0.4467772040866889
0.5595700083781413 -0.4440964764386082
0.17714763113711435 -0.39969223750042443
0.06875005641753296 -0.279304534439724
-0.013059619423538435 0.027520241922015506
0.10110204110009662 0.3238332212481652
0.36762916388053585 0.49645291674388026
0.47374014957424615 -0.5131256737428849
0.7940888196730144 -0.41534910235706535
0.945846529188203 -0.3073241669467804
0.7136702993910998 0.4799113499235337
0.9458465291882032 0.3073241669467797
0.925491079495138 -0.14982514978838044
0.9237270191801594 0.14963973957801174
0.9463230127806811 0.046910438939786234
0.6625204638549208 0.4282230490954816
0.6197008198077132 0.5217492577775724
0.9041048915473898 -0.23880762148245568
0.8777503217514203 -0.3401522331536155
0.5452073378678872 0.4905159875628691
0.5488947015241071 0.5861740288580535
0.7390738003669028 0.6654650388849337
0.850693197472361 0.33136084055192677
0.3967452109680983 0.7037880231560518
0.45770762924902086 0.6254312023024347
0.6366014999823283 0.6435270258643657
0.715756447201257 0.5741415391180589
0.5845653031794291 0.8045851146309164
0.3501239659756774 0.6046231047503731
0.5269250855238259 0.6606765640582055
0.48755015969859045 0.7599724469063991
0.587615264053624 0.7198658038618767
0.06646138614799275 -0.6152720507903329
0.11802125493044413 -0.34393520689644147
-0.04509115315376999 -0.41718767737404233
0.06965084879342251 -0.4544567711965293
0.02791784997765623 -0.3615292577757117
-0.08614398670730583 -0.28762392743791354
-0.008220660194918211 -0.29233228170610515
-0.03740517060310825 -0.08352914711485421
-0.24733019637247275 0.08951538289223326
0.01613288330643746 0.24830233424466563
-0.05198700735752734 0.5116891340383751
0.2544917297545131 0.4852907634086599
0.36075429765760536 -0.5257300354629394
0.5167938280384318 -0.6745506777141327
0.7174925426265473 -0.5088444669517014
0.8612812260087739 -0.49726094768413714
0.7904894283701088 -0.5167388206665938
0.16096516913109946 0.7540956159165593
-0.019326907884504304 -0.5331313362761588
0.16194452788773078 -0.5027346834192716
0.0861761098348189 -0.5352237862899003
0.25046592006845236 -0.6083272302092643
0.22775902505622322 -0.5374617603015897
0.15606232858525249 -0.5936116942658227
0.15767104569116605 -0.7964196456973217
0.13320277115193985 -0.6952033773479319
-0.05823598260620473 -0.7872220284483443
0.24387903627503282 -0.7220138646638244
0.050701923699083454 -0.768712984304228
0.033672890804120656 -0.11345455970411616
-0.10748695088246937 -0.17466020271778054
-0.1460802982573473 -0.0015107560629402522
0.05604652672337614 0.18231353063956263
-0.1520207977722643 0.22934134006432366
0.046476808035235725 0.43562382235492364
0.24799530001073417 0.40844404888792374
0.30601772883554634 0.541983857298071
0.22762683763969432 0.6440292239765886
0.3384225001405968 -0.45191328972251366
0.5234481885651837 -0.5863219652078115
0.41727747484449695 -0.6226796861205097
0.6247171130359713 -0.6383251387271786
0.7291264578495196 -0.44025206279046275
0.6463456931000372 -0.47050217625822255
0.0019696996720269255 -0.46756453185212143
-0.2806283533929853 -0.5303616319326936
-0.0561985412664151 -0.6575095909992227
0.1997293256791132 -0.662421741178344
0.2692701458958107 -0.8385765210124464
-6.245004513516506e-16 -0.9945218953682733
-0.05542209232297987 -0.22332134782265967
-0.0729006776555429 -0.01755405188036452
-0.09203160162240469 0.07010426748256932
-0.12670812645338755 -0.08806865158586358
-0.17051535389016642 0.07313377028339435
-0.12835061064542777 0.147340215832421
-0.06470842165808768 0.21012781341326536
-0.3118304505422925 -0.08405337730289428
-0.08021567126360434 0.34765230605180725
-0.2207509629504093 -0.15437291516961063
0.10137970977358697 0.3932102076031989
0.13123592952048713 0.5410731255310638
0.30833317735913407 0.6848122430655122
0.32601326588179663 0.8178898486097732
0.33470041884825785 -0.6058716359391726
0.35536279591325554 -0.7156108428156791
0.5845653031794286 -0.8045851146309169
0.515799656486144 -0.7577466413579089
0.44216489911757006 -0.7190106212866219
0.4045084971874733 -0.9085409600397963
0.5892820526864908 -0.7170208162631105
0.7390738003669026 -0.6654650388849339
0.7299534711508403 -0.5869245968992574
-0.14965445765451046 -0.5012574652569971
-0.01309626170808837 -0.7230588346301507
0.05665609740357269 -0.6912889709591609
-0.005742356123030715 -0.6048128245729719
0.2067727288213001 -0.9727892058317136
0.08749153787083741 -0.8470217099746229
0.004148131747728143 -0.8245534393193088
-0.06756974647750047 -0.8736099923138758
-0.22001401766537937 -0.813440978916257
-0.1355208611224507 -0.8225700188498719
-0.13518561945552424 -0.7211411318291332
-0.18889095017357063 -0.9209583334031156
-0.15781396164594963 -0.6122122531927788
0.010960407971398328 0.3396800140335519
-0.040180888387016236 0.4252101381965153
-0.18290390720864708 0.44977096505124103
-0.11542340253892461 0.4149380245454476
-0.19937330048316954 0.33508529570659373
-0.22045669754806665 -0.059847880213403884
-0.28662024778713946 0.005347123968175244
-0.44731300068171587 0.13161358871729611
-0.4240415888452163 -0.004155978276207645
-0.3522336761788103 0.0872302119438559
-0.3536292525184163 -0.02401167539227172
-0.4165568922063173 -0.11238979741019994
-0.30281958074848164 0.2278194658791891
-0.30108587135566467 0.14823148214056403
-0.21700701514729626 0.17124202324722304
-0.17882800227709114 -0.24663722131815033
-0.3474297958557102 -0.2675897221497401
-0.1805487548308814 -0.3758158055000659
-0.2664023409686391 -0.230772550412482
-0.15214832139995538 -0.3115933669706287
-0.23812323493434495 -0.31196439471184295
-0.2887033245051289 -0.41545520233012323
-0.3412754595020351 -0.1735627799513796
0.1799500284369897 0.4846478193365563
0.039341036417584754 0.5281484151896128
0.06786344331050656 0.658503075443488
0.4068060863765443 0.7889991279041991
0.4045084971874738 0.908540960039796
0.2968071326322546 -0.6698212419524064
0.3025766203919695 -0.7702744657417372
0.39525296981885555 -0.8069493866749567
0.3341126837503826 -0.8789258659150244
0.6529470998559432 -0.5626930102723366
-0.07662410737471564 -0.4850291361312318
0.17031334222107145 -0.88791979154766
0.2468106261023459 -0.9097756330094477
-0.11764455072511844 -0.9244082748637088
-0.26201891402881 -0.883863420796625
-0.3731319826271467 -0.7698492154360127
-0.426998540747111 -0.8305579333376136
-0.30132173909828175 -0.808325249260308
-0.2535342355375902 -0.6975033453769276
-0.404508497187474 -0.908540960039796
-0.5150566425790459 -0.6891639486671316
-0.5845653031794295 -0.8045851146309162
-0.6244191490000529 -0.6238898298796423
-0.45604699659970416 -0.750531245904891
-0.3838174583637789 -0.6281130267532419
-0.5897593650648666 -0.7228169057294144
-0.512980850200855 -0.7949747895388134
-0.08335524530704476 -0.5818046709204253
-0.20691631719468584 -0.552823900294181
-0.1354561173056049 0.30023334391552525
-0.6521995644927389 -0.07430949811199976
-0.22772632287248334 0.25891443227936134
-0.30095342431601735 0.3295340440525875
-0.44267532243862723 0.2812598061529015
-0.3630952972676673 0.27979975216127717
-0.4008643677013747 0.3906809298882976
-0.3845587187831252 0.19397338390078964
-0.22559702848409835 -0.4687573966899678
-0.31296000548907416 -0.3394943354762297
-0.4842567572949483 -0.3773965376629459
-0.3882229989788874 -0.4053815556073745
-0.4160778652332525 -0.3222008160540404
-0.4434371008926251 -0.21735722473102598
-0.4732732105448967 -0.5184731207339663
-0.45211311078245014 -0.44585984206586793
-0.5587842795433826 -0.4541647481208901
-0.3759041532762755 -0.5074575037623033
0.4650293787993056 -0.8056305172491796
-0.2015429815116869 -0.745286033421644
-0.1875453451657057 -0.6752032913968582
-0.5299349656620246 -0.06585453053119508
-0.2987088594541453 0.4453997275422348
-0.6388893839031408 0.4189340125238132
-0.5637638951712757 -0.5497925312595865
-0.6978418297870576 -0.49486716181060564
-0.549790173857334 -0.6231057890207936
-0.6413743911570451 -0.5481359311382784
-0.7390738003669031 -0.6654650388849335
-0.7223332619877496 -0.5800633297504144
-0.663041849326557 -0.278389995449293
-0.5255409612967421 0.04832583650419124
-0.4972670162265257 -0.14764690836723798
-0.5535521156796255 -0.24674868403937317
-0.4921832367851206 -0.29789974035636213
-0.5842096510958188 -0.3459197251275635
-0.6865770287441033 -0.3856423108058268
-0.23898373702917286 0.3992989130945773
-0.2501721379780117 0.6957074781552129
-0.5234365324637236 0.3748182716044144
-0.454968376833432 0.060422241565941365
-0.616071845459234 0.2117385571552624
-0.5954878648001289 -0.006157126789218065
-0.6228974857187581 0.10117366168936491
-0.7010847177025802 0.024041319293743132
-0.5964475006959749 -0.15685162485744605
-0.7101609866037774 -0.1735584135316357
-0.6366646186514112 -0.4459832974807081
-0.8087572668732179 -0.30262297732267734
-0.8612812260087743 -0.4972609476841364
-0.24523423959552204 0.5648902701679629
-0.45788231186700157 0.3497693189283894
-0.4903788419920103 0.6008728838796803
-0.5417516412116657 0.2773719309509355
-0.6031424930044024 0.3393547241867792
-0.7717149645778151 0.3114506033320754
-0.6911125450313346 0.34765708315757426
-0.8612812260087741 0.4972609476841368
-0.6980042079205357 0.2551779213716185
-0.5256989397050427 0.1842995203916965
-0.8265470570827251 0.16321419575323864
-0.4564949421125866 0.2090678344614377
-0.7763861904562082 0.22891917559094424
-0.9458465291882031 0.3073241669467801
-0.7234162369532086 0.13648101875751661
-0.6469917311972644 -0.20817065489039724
-0.7310487078549344 -0.3196751488557078
-0.8458941215102718 -0.3700358985908331
-0.9458465291882034 -0.30732416694677944
-0.8798412768785776 -0.23092389517475212
-0.7910366226931848 -0.21396770186560732
-0.8125122006115912 -0.06984884174935627
-0.9890738003669028 -0.10395584540887948
-0.7782587391464295 -0.13840413184413433
-0.8689329846058824 -0.1408742995194752
-0.909270659090192 -0.043016079640353866
-0.9378246705374826 -0.1511214624429651
-0.8325126667574911 0.045900849580556166
-0.7793528898472551 -0.510309137152583
-0.24248089362160885 0.49194728814801847
-0.5443124483766861 0.49331556131716825
-0.40149214918152587 0.5145703238040356
-0.5516741428961537 0.1162824078858286
-0.8987341499267187 0.19781776644998347
-0.9890738003669027 0.10395584540887993
-0.8462892780543685 0.35364720870037447
-0.7318126703939334 -0.05255653335476351
-0.7608720250365753 0.07060449941667579
-0.5693393710964405 0.42781899409349466
-0.47024243810225114 0.4452771084979166
-0.6330130814402695 0.6050945691106361
-0.3684009232974235 0.4527917185778456
-0.31900373672437604 0.5261929268027757
-0.3250487031217423 0.627379347778142
-0.3842420973999458 0.767436081281807
-0.32988691769339007 0.7078716071517953
-0.27282665435045267 0.814524558102072
-0.4245803812173349 0.6760426657414562
-0.5845653031794289 0.8045851146309165
-0.40886405820386407 0.595903060612191
-0.4762579683298143 0.5264911940185222
-0.9217596443449367 0.045354429190609294
-0.8702352829196848 0.27496634778725887
-0.5626773813248935 0.5698253947351906
-0.5599166656496457 0.6630991844968012
-0.6356810393301461 0.5120057619546795
-0.6321522896603603 0.6790695430217017
-0.48936873604099296 0.7592370378164686
-0.7390738003669026 0.6654650388849339
-0.7175231685145246 0.560934021988795
-0.6946874094891963 0.4674486405252708
-0.40450849718747356 0.9085409600397962
-0.4281472486411423 0.8331379735100833
-0.34744156061339865 0.8492436853611715
-0.07793415321167207 0.7901158834993435
-0.5587452671274219 0.7361932741124215
-0.49408204038783293 0.6887420713783197
-0.17933018124849226 0.7707829897917384
-0.11670068042975837 0.6407238824407036
-0.14854034461178278 0.8848626787854301
-0.17291141836687549 0.6937648618209661
-0.022093721444392547 0.6074262697593319
-0.20450246104454536 0.838771824540659
-0.20677272882130032 0.9727892058317136
-0.01973437419226655 0.708026249075167
-0.24581676328527924 0.9050998760755842
0.06454562530151943 0.7548686193388786
0.11368017576891959 0.8698331285178287
0.8612812260087741 0.49726094768413664
0.7845685947401635 0.5133204257765175
0.8061001909897512 0.4249226643741068
0.025781812073286177 -0.9101162620840326
0.25361510533097575 0.7597950895799095
0.2258787849144836 0.868519284722805
0.16926233510864563 0.8250134407763822
0.29538384813420776 0.8816485320793224
0.20677272882130054 0.9727892058317135
0.14527286284598329 0.934832154526225
0.14531917352316095 0.6244881552240058
-0.33624634395797864 -0.6957975284138718
-0.29327191103087974 -0.6181780575036089
-0.4661511524134242 -0.6039758502440221
-0.14716031896203924 0.5435577725564749
-0.7672834741222099 0.4062785211475781
-0.7753123363859897 0.49728606294473443
-0.8381767159429281 0.42708346520175244
0.05226423163382693 0.9280056514298326
-0.0784742434891162 0.9204032738498263
1.665334536937735e-16 0.9945218953682733
-0.009112549721625604 0.8555459895665108
0.05652004497252674 0.8262806972969645
-0.7703785938311531 -0.4201328546069428
759
154 152 210
37 68 86
169 101 85
98 104 90
260 411 258
120 119 66
268 265 19
103 87 76
65 54 87
105 72 99
104 137 153
121 102 86
48 60 49
71 49 60
95 103 109
50 49 71
166 100 84
118 122 121
82 98 172
44 73 45
157 159 181
47 83 72
72 60 48
55 54 65
50 82 51
199 248 249
40 63 85
193 238 235
230 191 226
73 100 106
74 85 101
85 41 40
75 86 102
274 275 232
53 87 54
274 272 224
62 107 143
172 146 64
106 141 61
86 38 37
74 42 41
53 76 87
85 74 41
46 45 61
284 281 236
322 365 364
66 56 77
74 101 107
75 39 38
390 414 393
63 40 39
120 111 119
131 133 132
42 62 43
73 44 84
65 176 77
104 98 71
67 59 88
148 206 150
52 51 64
163 99 83
76 52 64
72 83 99
36 80 68
401 112 402
125 246 197
76 53 52
73 84 100
87 103 177
109 173 95
77 55 65
77 110 66
56 66 57
98 82 71
64 51 82
58 57 78
83 47 46
66 78 57
88 58 78
30 59 67
58 88 59
96 0 67
67 0 116
124 69 113
46 61 83
82 50 71
48 47 72
77 56 55
35 80 36
314 273 293
75 38 86
102 108 75
75 63 39
68 37 36
73 61 45
115 97 1
70 35 34
108 145 63
79 89 31
196 171 130
31 30 79
30 67 79
74 62 42
115 69 89
33 81 34
68 80 117
117 70 112
33 69 81
32 69 33
35 70 80
69 1 113
114 78 119
66 119 78
31 89 32
70 34 81
84 44 43
43 62 84
96 67 114
115 89 116
69 32 89
72 105 60
90 156 146
61 73 106
218 22 256
107 62 74
316 273 314
63 75 108
389 368 310
117 118 68
94 126 130
76 109 103
206 175 205
104 71 60
114 67 88
116 97 115
90 146 172
163 83 61
99 91 105
166 84 62
100 92 106
169 85 63
101 93 107
121 86 68
102 94 108
109 76 64
103 95 177
135 60 105
213 212 162
135 137 104
140 138 105
92 100 166
139 184 164
171 195 243
226 188 142
94 122 126
94 130 108
146 109 64
147 175 173
110 77 176
149 28 110
70 117 80
118 117 112
402 124 2
128 3 123
114 119 29
81 69 124
78 114 88
29 96 114
110 120 66
116 89 79
67 116 79
0 97 116
120 110 28
119 111 29
94 121 122
1 69 115
113 2 124
28 111 120
102 121 94
68 118 121
112 401 128
126 131 132
4 127 123
112 128 118
128 401 3
81 124 70
407 247 6
408 409 405
126 125 130
127 133 131
118 127 122
123 127 128
118 128 127
131 126 122
132 125 126
171 404 151
93 101 169
127 131 122
133 129 132
132 129 5
133 127 4
4 129 133
135 104 60
23 254 212
138 135 105
138 137 135
140 136 138
260 257 215
154 178 152
104 153 90
91 184 140
138 136 178
163 91 99
187 165 225
91 140 105
136 140 139
106 92 186
91 141 164
228 230 229
185 186 165
107 93 194
192 190 143
379 369 366
192 143 220
108 130 170
130 171 170
153 156 90
147 173 174
109 174 173
147 204 175
177 148 176
95 175 252
27 149 150
110 176 150
110 150 149
409 7 418
168 194 243
178 253 152
218 256 216
137 154 153
156 153 157
154 137 178
154 134 157
134 159 157
199 202 174
153 154 157
156 155 198
158 159 162
155 156 157
182 158 254
161 248 181
209 180 208
159 158 161
210 134 154
213 208 160
158 182 161
174 198 199
209 159 134
208 213 162
61 141 163
91 163 141
106 185 141
164 235 139
187 225 193
185 187 141
62 143 166
92 166 143
107 220 143
272 223 224
93 169 243
190 192 272
63 145 169
169 145 243
125 196 130
145 108 170
144 168 244
145 170 171
82 172 64
90 172 98
174 109 146
202 201 147
146 198 174
198 248 199
205 27 206
95 173 175
177 176 65
150 176 148
177 65 87
252 177 95
138 178 137
253 178 136
239 139 235
164 187 193
207 270 253
217 291 216
157 181 155
159 161 181
158 212 254
290 203 25
256 183 214
212 403 23
140 184 139
91 164 184
186 185 106
187 185 165
92 143 190
234 188 189
225 165 226
141 187 164
165 186 188
189 188 186
92 189 186
189 167 234
167 189 190
92 190 189
226 191 225
230 231 191
168 144 221
192 221 223
242 236 238
164 193 235
194 93 243
220 194 168
410 151 245
168 195 244
197 196 125
171 196 404
125 132 246
406 405 409
156 198 146
155 181 248
175 204 26
202 250 290
201 25 200
204 200 26
202 199 250
201 200 204
174 202 147
249 250 199
249 251 250
24 203 251
147 201 204
150 206 27
175 26 205
177 252 148
136 139 239
219 217 180
162 159 209
217 208 180
209 134 210
162 209 208
270 210 152
209 210 180
212 158 162
24 255 211
403 212 213
211 254 23
214 213 160
183 403 214
214 160 216
214 403 213
160 217 216
257 260 262
160 208 217
216 215 218
180 270 219
219 292 217
215 257 218
21 22 218
207 271 219
412 267 411
194 220 107
221 220 168
144 414 223
220 221 192
396 390 393
276 279 277
144 223 221
223 222 224
277 232 275
272 274 167
165 188 226
191 193 225
142 233 229
339 17 321
323 325 276
226 142 229
315 303 354
350 301 297
232 233 234
229 227 312
229 230 226
231 230 228
231 228 293
299 288 319
224 222 309
233 279 229
234 233 142
233 232 279
234 142 188
234 167 274
238 193 242
207 253 237
305 306 285
241 237 240
240 239 235
237 241 280
242 193 191
239 240 237
240 235 238
136 239 237
236 281 238
241 179 280
240 281 241
301 265 299
191 231 242
285 242 231
171 243 145
243 195 168
245 195 410
244 195 245
7 420 418
379 384 10
132 5 246
247 246 5
155 248 198
246 247 197
249 248 161
161 182 249
251 249 182
201 290 25
255 251 182
250 251 203
175 206 252
148 252 206
237 253 136
270 207 219
254 211 255
251 255 24
254 255 182
183 256 22
216 256 214
259 260 258
21 218 257
291 260 215
20 262 259
269 264 20
257 262 21
291 261 260
259 262 260
412 292 219
260 261 411
268 264 269
413 267 289
266 258 411
289 283 287
269 259 266
266 259 258
267 412 289
268 269 263
241 281 283
263 266 267
268 263 298
19 264 268
259 269 20
263 269 266
210 270 180
253 270 152
280 271 207
271 179 412
190 272 167
223 272 192
293 228 303
318 358 345
275 274 224
234 274 232
275 294 278
377 360 352
277 278 323
277 323 276
278 277 275
276 333 279
224 309 275
381 416 382
279 227 229
232 277 279
271 280 179
237 280 207
238 281 240
283 281 284
282 283 284
319 308 297
283 282 287
241 283 289
285 236 242
284 236 285
304 231 293
304 285 231
286 287 288
298 413 296
288 287 282
289 287 286
282 284 306
296 299 265
289 286 413
289 179 241
202 290 201
203 290 250
216 291 215
292 291 217
412 219 271
291 292 261
303 228 312
317 337 305
294 309 351
372 375 352
415 328 382
330 326 328
298 296 265
286 288 296
307 282 306
350 423 321
268 298 265
263 267 413
288 299 296
297 301 299
19 265 300
300 265 301
18 300 301
337 318 302
308 319 307
331 333 325
293 303 314
317 293 273
305 304 317
307 306 305
285 304 305
285 306 284
307 305 302
307 302 308
288 282 307
338 308 302
423 338 320
351 309 222
275 309 294
414 322 351
385 9 383
360 361 352
326 325 311
229 312 228
354 312 227
295 328 326
358 318 273
227 331 354
315 314 303
334 336 330
314 315 316
326 330 313
342 345 346
293 317 304
317 273 318
358 273 316
340 17 339
299 319 297
307 319 288
338 302 342
340 341 16
350 321 18
350 297 423
222 223 414
369 365 367
361 323 278
325 323 311
294 363 278
365 371 364
311 360 326
331 325 313
295 382 328
313 325 326
355 374 335
327 334 330
377 352 375
328 327 330
357 417 13
416 417 415
335 374 357
313 330 336
354 313 315
227 279 333
373 355 356
336 316 315
325 333 276
227 333 331
357 374 327
336 334 332
357 13 335
14 355 335
332 349 359
336 315 313
305 337 302
317 318 337
342 302 318
320 339 423
320 341 340
301 350 18
320 342 341
320 340 339
346 348 341
338 342 320
336 359 316
344 347 15
347 349 373
318 345 342
346 341 342
345 343 346
347 346 343
16 348 344
347 344 348
349 347 343
341 348 16
347 348 346
349 343 358
355 373 332
297 308 423
414 351 222
364 351 322
311 323 361
362 375 376
353 363 364
372 324 375
354 303 312
313 354 331
347 373 15
374 332 334
327 328 415
355 14 356
358 316 359
345 358 343
332 359 336
358 359 349
326 360 295
361 360 311
363 361 278
372 361 353
362 378 380
12 329 416
364 363 294
361 363 353
351 364 294
365 322 310
367 365 310
369 324 371
367 368 366
10 370 379
368 367 310
369 367 366
389 392 386
394 397 368
379 366 384
372 371 324
387 11 378
387 379 370
364 371 353
365 369 371
361 372 352
371 372 353
373 349 332
15 373 356
332 374 355
327 374 334
376 375 324
377 375 362
388 324 369
387 388 379
377 362 381
377 295 360
380 12 381
362 376 378
383 10 384
378 376 387
380 381 362
378 11 380
415 382 416
295 377 382
381 382 377
384 366 385
385 366 368
385 368 397
383 384 385
396 245 398
389 386 391
387 370 11
388 387 376
324 388 376
369 379 388
392 389 310
419 421 418
390 392 322
244 393 144
397 395 9
368 389 394
322 392 310
386 392 390
244 245 393
396 393 245
389 391 394
391 395 397
398 245 151
391 8 395
390 396 386
397 9 385
391 397 394
398 151 406
386 396 398
405 406 404
420 8 419
402 2 400
3 401 400
402 112 70
124 402 70
400 401 402
23 403 183
196 197 404
404 197 405
197 407 405
409 408 7
406 399 422
404 406 151
247 407 197
6 405 407
420 419 418
405 6 408
409 399 406
195 171 410
151 410 171
412 411 261
266 411 267
412 261 292
412 179 289
296 413 286
263 413 298
393 414 144
390 322 414
357 327 415
12 416 381
416 329 417
13 417 329
357 415 417
391 419 8
418 421 422
386 419 391
418 399 409
386 398 421
421 419 386
422 421 398
406 422 398
418 422 399
338 423 308
321 423 339
89
1 97
2 113
3 400
4 123
5 129
6 247
7 408
8 420
9 395
10 383
11 370
12 380
13 329
14 335
15 356
16 344
17 340
18 321
19 300
20 264
21 262
22 21
23 183
24 211
25 203
26 200
27 205
28 149
29 111
0 96
30 31
32 31
32 33
34 33
34 35
35 36
37 36
38 37
39 38
39 40
41 40
41 42
42 43
43 44
44 45
45 46
47 46
47 48
48 49
50 49
51 50
52 51
53 52
53 54
54 55
56 55
57 56
58 57
59 58
30 59
96 29
97 0
111 28
113 1
123 3
129 4
149 27
200 25
205 26
247 5
203 24
211 23
262 20
264 19
300 18
340 16
344 15
321 17
356 14
335 13
380 11
370 10
383 9
395 8
400 2
183 22
408 6
329 12
420 7
